paired para/ortho: 48 trajectories per channel, master seed 42, budget 1200 s, emission deterministic, level 1, floor off
Running 48 CREM collapse calibrations on 4 workers (per-event wall-clock budget 1200 s).
CREM calibrations: 10/48
CREM calibrations: 20/48
CREM calibrations: 30/48
CREM calibrations: 40/48
CREM calibrations: 48/48
Running 48 CREM collapse calibrations on 4 workers (per-event wall-clock budget 1200 s).
CREM calibrations: 10/48
CREM calibrations: 20/48
CREM calibrations: 30/48
CREM calibrations: 40/48
CREM calibrations: 48/48

 idx    t_para(ps)     t_ortho(ps)    ratio    photons para/ortho
   0     186.761584      186.744661 0.99990939        1 /     1
   1     186.746258      186.766769 1.00010983        1 /     1
   2     186.744538       186.691880.999718022        1 /     1
   3     186.735845      186.752689  1.0000902        1 /     1
   4     186.733407      186.7115060.999882713        1 /     1
   5     186.741393      186.7357640.999969859        1 /     1
   6     186.753344      186.7302240.999876201        1 /     1
   7     186.743268      186.6842640.999684035        1 /     1
   8     186.727487      186.733562 1.00003253        1 /     1
   9     186.718792      186.7013540.999906608        1 /     1
  10     186.735019       186.693340.999776797        1 /     1
  11      186.73891      186.7169430.999882367        1 /     1
  12     186.741534      186.746745 1.00002791        1 /     1
  13     186.719575      186.6451070.999601174        1 /     1
  14     186.756816       186.730050.999856677        1 /     1
  15     186.726495      186.729906 1.00001826        1 /     1
  16     186.722777      186.6721560.999728896        1 /     1
  17     186.734412      186.7292360.999972278        1 /     1
  18     186.773451      186.810332 1.00019746        1 /     1
  19     186.766503      186.757508 0.99995184        1 /     1
  20     186.854075      186.7350950.999363245        1 /     1
  21     186.747638      186.713981 0.99981977        1 /     1
  22     186.740987      186.7409570.999999835        1 /     1
  23     186.740736      186.7102650.999836828        1 /     1
  24     186.777138      186.7158580.999671908        1 /     1
  25     186.736196      186.7164120.999894053        1 /     1
  26     186.757951      186.7487350.999950654        1 /     1
  27     186.740546       186.76066 1.00010771        1 /     1
  28      186.72998      186.7171210.999931134        1 /     1
  29     186.737798      186.748796  1.0000589        1 /     1
  30     186.738759      186.749176 1.00005579        1 /     1
  31     186.736764      186.7071270.999841289        1 /     1
  32     186.740071      186.7262120.999925785        1 /     1
  33     186.746636      186.6766490.999625232        1 /     1
  34     186.802682      186.7135210.999522702        1 /     1
  35     186.730799      186.843827 1.00060529        1 /     1
  36     186.776168      186.7054310.999621273        1 /     1
  37     186.726128      186.6728650.999714754        1 /     1
  38      186.73069      186.748523  1.0000955        1 /     1
  39     186.782612      186.7570170.999862972        1 /     1
  40     186.741962      186.741962          1        1 /     1
  41     186.779761      186.7103040.999628133        1 /     1
  42     186.728749      186.7268390.999989772        1 /     1
  43     186.739924      186.755345 1.00008258        1 /     1
  44     186.739464      186.874618 1.00072376        1 /     1
  45      186.75463      186.6754110.999575814        1 /     1
  46     186.731379      186.7221750.999950709        1 /     1
  47     186.748055       186.662790.999543423        1 /     1

 branch diagnosis (both channels, every trajectory)
 idx ch  t(ps)         stop      peri/barrier  period/lightcross  a_term(m)      bind(eV)   revolutions   photons  E_emitted(J)
   0  p    186.761584   barrier1.20753058e-07     1.16759538e+09 3.52802198e-11  20.4075337        614404        1 2.17969667e-18
   0  o    186.744661   barrier2.47408375e-07          815652967 3.52786733e-11  20.4084283        614359        1    2.17984e-18
   1  p    186.746258   barrier6.72325357e-08      1.5647514e+09 3.52798688e-11  20.4077367        614358        1  2.1797292e-18
   1  o    186.766769   barrier5.24085219e-07          560481895 3.52814119e-11  20.4068442        614409        1  2.1795862e-18
   2  p    186.744538   barrier1.48910901e-07     1.05140285e+09  3.5279732e-11  20.4078159        614342        1 2.17974188e-18
   2  o     186.69188    closed    365.221777         80016299.5 3.52993335e-11  20.3964835        613992        1 2.17792627e-18
   3  p    186.735845   barrier2.60333098e-07          795206793 3.52804197e-11   20.407418        614291        1 2.17967814e-18
   3  o    186.752689   barrier8.03790014e-07          452607898 3.52831228e-11  20.4058546        614350        1 2.17942765e-18
   4  p    186.733407   barrier4.61369656e-07          597373198 3.52818267e-11  20.4066042        614275        1 2.17954776e-18
   4  o    186.711506   barrier5.74032707e-06          169394825 3.52877614e-11  20.4031723        614137        1  2.1789979e-18
   5  p    186.741393   barrier2.50138132e-07          811256026 3.52805872e-11  20.4073212        614329        1 2.17966262e-18
   5  o    186.735764   barrier2.13999505e-06          277402591 3.52844911e-11  20.4050633        614275        1 2.17930087e-18
   6  p    186.753344   barrier1.08969046e-07      1.2291149e+09 3.52803604e-11  20.4074524        614356        1 2.17968364e-18
   6  o    186.730224   barrier2.02702232e-06          285024246  3.5284235e-11  20.4052114        614266        1  2.1793246e-18
   7  p    186.743268   barrier2.39597889e-07          828881681 3.52798351e-11  20.4077562        614344        1 2.17973232e-18
   7  o    186.684264    closed    365.200769         85646952.7 3.52973027e-11   20.397657        613967        1 2.17811427e-18
   8  p    186.727487    closed    365.081622          218871081  3.5285785e-11   20.404315        614239        1 2.17918099e-18
   8  o    186.733562   barrier1.87172085e-07          937786729 3.52793173e-11  20.4080557        614292        1 2.17978031e-18
   9  p    186.718792   barrier8.27621911e-07          446030491 3.52824305e-11   20.406255        614198        1  2.1794918e-18
   9  o    186.701354    closed    365.130654          126360181 3.52905248e-11  20.4015746        614082        1 2.17874193e-18
  10  p    186.735019   barrier1.17788276e-07     1.18217665e+09 3.52797851e-11  20.4077851        614294        1 2.17973695e-18
  10  o     186.69334    closed    365.203761         90313801.5 3.52975917e-11    20.39749        614016        1 2.17808752e-18
  11  p     186.73891   barrier2.46215408e-07          817665813 3.52798029e-11  20.4077748        614336        1 2.17973531e-18
  11  o    186.716943    closed    365.115295          146531578   3.528904e-11   20.402433        614162        1 2.17887946e-18
  12  p    186.741534   barrier1.55232751e-07     1.02979074e+09 3.52801826e-11  20.4075552        614325        1 2.17970012e-18
  12  o    186.746745   barrier7.54217785e-08      1.4773354e+09 3.52794579e-11  20.4079744        614359        1 2.17976728e-18
  13  p    186.719575   barrier 3.2616731e-06          224694048 3.52844133e-11  20.4051083        614201        1 2.17930809e-18
  13  o    186.645107    closed    365.389703         45963814.1 3.53155688e-11  20.3871068        613694        1 2.17642397e-18
  14  p    186.756816   barrier3.49168333e-08     2.17124243e+09 3.52793579e-11  20.4080322        614363        1 2.17977655e-18
  14  o     186.73005    closed    365.086449          215095510 3.52862516e-11  20.4040452        614240        1 2.17913776e-18
  15  p    186.726495   barrier2.30633815e-07          844858872 3.52804642e-11  20.4073923        614245        1 2.17967402e-18
  15  o    186.729906    closed    365.076268          265614430 3.52852674e-11  20.4046144        614245        1 2.17922895e-18
  16  p    186.722777   barrier2.00092409e-06          286878610 3.52843569e-11  20.4051409        614223        1 2.17931331e-18
  16  o    186.672156    closed    365.273758         64067265.2 3.53043589e-11  20.3935802        613877        1 2.17746111e-18
  17  p    186.734412   barrier4.20944477e-07          625386107 3.52812989e-11  20.4069095        614299        1 2.17959667e-18
  17  o    186.729236    closed    365.090704          201427523  3.5286663e-11  20.4038074        614234        1 2.17909965e-18
  18  p    186.773451   barrier6.93797939e-08     1.54031614e+09 3.52793968e-11  20.4080098        614444        1 2.17977295e-18
  18  o    186.810332   barrier1.73705402e-07          973449716 3.52790739e-11  20.4081965        614576        1 2.17980287e-18
  19  p    186.766503   barrier5.80311091e-08      1.6841935e+09 3.52791814e-11  20.4081344        614424        1 2.17979291e-18
  19  o    186.757508   barrier2.22678233e-06          271950643 3.52852128e-11  20.4046459        614337        1 2.17923401e-18
  20  p    186.854075   barrier 1.6280626e-07     1.00558121e+09 3.52808345e-11  20.4071781        614696        1 2.17963971e-18
  20  o    186.735095   barrier1.26614682e-06          360622703 3.52832574e-11  20.4057767        614278        1 2.17941518e-18
  21  p    186.747638   barrier2.92664305e-08     2.37155737e+09 3.52789654e-11  20.4082593        614362        1 2.17981293e-18
  21  o    186.713981   barrier5.08025348e-06          180069186 3.52883936e-11  20.4028067        614175        1 2.17893934e-18
  22  p    186.740987   barrier6.07516304e-07          520566277 3.52810135e-11  20.4070746        614324        1 2.17962311e-18
  22  o    186.740957   barrier1.04202746e-06          397507153 3.52826331e-11  20.4061378        614309        1 2.17947303e-18
  23  p    186.740736   barrier2.19167407e-07          866675999 3.52804137e-11  20.4074215        614329        1  2.1796787e-18
  23  o    186.710265   barrier1.07140773e-05          124014288 3.52926465e-11  20.4003481        614131        1 2.17854543e-18
  24  p    186.777138   barrier7.06163682e-07          482863374 3.52822172e-11  20.4063784        614455        1 2.17951157e-18
  24  o    186.715858    closed    365.132046          138270470 3.52906592e-11  20.4014969        614152        1 2.17872948e-18
  25  p    186.736196   barrier1.76424179e-07          965962435 3.52801105e-11  20.4075969        614317        1  2.1797068e-18
  25  o    186.716412   barrier3.99910372e-06          202929348 3.52852676e-11  20.4046142        614168        1 2.17922893e-18
  26  p    186.757951   barrier 7.9764251e-08     1.43658543e+09 3.52798983e-11  20.4077197        614400        1 2.17972647e-18
  26  o    186.748735   barrier3.57593373e-08     2.14549032e+09  3.5279116e-11  20.4081722        614367        1 2.17979896e-18
  27  p    186.740546   barrier5.48306731e-07          547958526 3.52812485e-11  20.4069386        614320        1 2.17960134e-18
  27  o     186.76066   barrier3.35676599e-08     2.21441408e+09 3.52790122e-11  20.4082322        614404        1 2.17980859e-18
  28  p     186.72998   barrier2.04139159e-07          898004793 3.52802514e-11  20.4075154        614276        1 2.17969374e-18
  28  o    186.717121    closed    365.137964          133470200 3.52912312e-11  20.4011662        614153        1 2.17867651e-18
  29  p    186.737798   barrier5.23998497e-07          560542786 3.52820234e-11  20.4064905        614302        1 2.17952953e-18
  29  o    186.748796    closed    365.012273     2.11407787e+09 3.52790895e-11  20.4081875        614368        1 2.17980142e-18
  30  p    186.738759   barrier4.16302541e-07          628878226 3.52818677e-11  20.4065805        614314        1 2.17954396e-18
  30  o    186.749176   barrier4.50195239e-08     1.91214832e+09 3.52791571e-11  20.4081484        614371        1 2.17979516e-18
  31  p    186.736764   barrier4.61942142e-07          597002775   3.528182e-11  20.4066081        614297        1 2.17954838e-18
  31  o    186.707127    closed    365.174945          104314657  3.5294806e-11  20.3990999        614087        1 2.17834545e-18
  32  p    186.740071   barrier2.55144354e-07          803249401 3.52803448e-11  20.4074614        614322        1 2.17968509e-18
  32  o    186.726212    closed    365.104767          179511808 3.52880222e-11  20.4030215        614214        1 2.17897374e-18
  33  p    186.746636   barrier 4.3575064e-08     1.94358539e+09 3.52791914e-11  20.4081286        614357        1 2.17979199e-18
  33  o    186.676649   barrier3.40480979e-05         69589033.6 3.53023295e-11  20.3947526        613920        1 2.17764894e-18
  34  p    186.802682   barrier1.09179361e-07     1.22784928e+09 3.52788038e-11  20.4083528        614551        1  2.1798279e-18
  34  o    186.713521    closed    365.151023          119826148 3.52924935e-11  20.4004365        614129        1 2.17855959e-18
  35  p    186.730799   barrier6.90883471e-07          488166637 3.52818692e-11  20.4065796        614260        1 2.17954382e-18
  35  o    186.843827   barrier5.02764496e-10     1.80936513e+10 3.52784203e-11  20.4085746        614679        1 2.17986345e-18
  36  p    186.776168   barrier7.25026463e-07          476547704 3.52825637e-11   20.406178        614421        1 2.17947947e-18
  36  o    186.705431    closed     365.18386         99124986.1 3.52956679e-11  20.3986018        614075        1 2.17826565e-18
  37  p    186.726128   barrier1.30712626e-06          354941294 3.52843718e-11  20.4051323        614248        1 2.17931193e-18
  37  o    186.672865    closed    365.278268         63847569.8 3.53047948e-11  20.3933284        613885        1 2.17742076e-18
  38  p     186.73069   barrier2.03950823e-06          284138590 3.52832352e-11  20.4057896        614257        1 2.17941724e-18
  38  o    186.748523   barrier4.68088833e-08       1.875251e+09 3.52792396e-11  20.4081007        614365        1 2.17978751e-18
  39  p    186.782612   barrier2.96177048e-07          745563566 3.52812677e-11  20.4069275        614483        1 2.17959956e-18
  39  o    186.757017   barrier 7.7839756e-07          459899481 3.52815035e-11  20.4067912        614381        1 2.17957771e-18
  40  p    186.741962   barrier1.93167735e-07          923162176 3.52804396e-11  20.4074065        614330        1  2.1796763e-18
  40  o    186.741962   barrier8.04849652e-07          452290458 3.52820881e-11   20.406453        614317        1 2.17952354e-18
  41  p    186.779761   barrier8.43440066e-08     1.39694534e+09 3.52783241e-11  20.4086303        614464        1 2.17987237e-18
  41  o    186.710304    closed    365.132038          129113004 3.52906585e-11  20.4014973        614133        1 2.17872955e-18
  42  p    186.728749   barrier5.03481208e-07          571833627 3.52813506e-11  20.4068796        614252        1 2.17959188e-18
  42  o    186.726839    closed    365.088783          200076503 3.52864773e-11  20.4039147        614235        1 2.17911686e-18
  43  p    186.739924   barrier1.60676739e-06          320129991 3.52837199e-11  20.4055093        614318        1 2.17937233e-18
  43  o    186.755345   barrier9.09800964e-09     4.25345224e+09 3.52787591e-11  20.4083787        614391        1 2.17983205e-18
  44  p    186.739464   barrier6.30919338e-08     1.61525269e+09 3.52794509e-11  20.4079785        614335        1 2.17976793e-18
  44  o    186.874618   barrier1.08029867e-07     1.23436573e+09 3.52788271e-11  20.4083393        614784        1 2.17982575e-18
  45  p     186.75463   barrier1.23128834e-06          365666264 3.52816233e-11  20.4067219        614355        1 2.17956661e-18
  45  o    186.675411    closed    365.270052         65161097.4 3.53040006e-11  20.3937872        613901        1 2.17749426e-18
  46  p    186.731379   barrier3.95503775e-07          645178615 3.52810065e-11  20.4070786        614276        1 2.17962376e-18
  46  o    186.722175   barrier4.08578308e-06          200771239   3.528598e-11  20.4042023        614224        1 2.17916293e-18
  47  p    186.748055   barrier  2.576133e-08     2.52774462e+09 3.52789011e-11  20.4082965        614364        1 2.17981889e-18
  47  o     186.66279   barrier 4.6224193e-05         59734460.9 3.53073877e-11  20.3918307        613824        1 2.17718082e-18

complete pairs:        48 / 48
mean t_para:           186.747077 ps
mean t_ortho:          186.728368 ps
DIFFERENCE ortho-para: -0.0187087665 +/- 0.00659426392 ps   (2.83712735 sigma)
GEOMETRIC RATIO:       0.999899801,  95% CI [0.999830606, 0.999969002]
SIGN TEST:             ortho longer in 14 of 48,  exact p = 0.00551520149
PHOTON COUNT DIFFERS:  0 of 48  (0%)
