paired para/ortho: 48 trajectories per channel, master seed 42, budget 1200 s, emission deterministic, level 1, floor off
Running 48 CREM collapse calibrations on 4 workers (per-event wall-clock budget 1200 s).
CREM calibrations: 10/48
CREM calibrations: 20/48
CREM calibrations: 30/48
CREM calibrations: 40/48
CREM calibrations: 48/48
Running 48 CREM collapse calibrations on 4 workers (per-event wall-clock budget 1200 s).
CREM calibrations: 10/48
CREM calibrations: 20/48
CREM calibrations: 30/48
CREM calibrations: 40/48
CREM calibrations: 48/48

 idx    t_para(ps)     t_ortho(ps)    ratio    photons para/ortho
   0      181.23211      181.2272460.999973162        1 /     1
   1     56.6891188      56.7102875 1.00037342        1 /     1
   2     111.023885       111.06552 1.00037502        1 /     1
   3     45.6980855      45.35572620.992508236        2 /     2
   4     101.901914      101.951419 1.00048581        1 /     1
   5     150.333364      150.340048 1.00004446        1 /     1
   6      165.66723      165.697019 1.00017981        1 /     1
   7     121.152342      121.1392640.999892052        1 /     1
   8     43.5351553       43.945944 1.00943579        2 /     2
   9     50.9225161      48.41676890.950792942        2 /     2
  10     153.017688      153.023156 1.00003573        1 /     1
  11     166.338689       166.35328 1.00008771        1 /     1
  12     96.9314903      96.9339618  1.0000255        1 /     1
  13     136.415981      136.437861 1.00016039        1 /     1
  14      109.56153      57.97189210.529126349        2 /     2
  15     71.1852896      71.16913870.999773115        1 /     1
  16     94.5337221      94.6510678 1.00124131        1 /     1
  17     85.3208846      85.31662160.999950035        1 /     1
  18     52.8967053      52.40963490.990792046        2 /     2
  19     122.401049      122.3943380.999945171        1 /     1
  20     137.603274      137.628496  1.0001833        1 /     1
  21     151.152861      151.1340080.999875272        1 /     1
  22     86.9907686      86.9947605 1.00004589        1 /     1
  24     51.0669722      53.0000332 1.03785345        2 /     2
  25     44.1296114      44.8999211 1.01745562        2 /     2
  26     43.8238336      43.7243723 0.99773043        2 /     2
  27     48.8472465      47.4357374 0.97110361        2 /     2
  28     134.146876      134.150821 1.00002941        1 /     1
  29     175.025732      175.0199570.999967004        1 /     1
  30     93.5455828      93.53928950.999932724        1 /     1
  31     126.266262       126.259560.999946923        1 /     1
  32     164.182051       164.18509 1.00001851        1 /     1
  33     50.0813289      49.98043260.997985352        2 /     2
  34     159.485476      159.496415 1.00006859        1 /     1
  35      182.42548      182.4212240.999976672        1 /     1
  36     138.552261      138.5419130.999925315        1 /     1
  37     55.4167339      55.6925219 1.00497662        1 /     1
  38     124.369808      124.371324 1.00001219        1 /     1
  39     47.7335678      47.38209860.992636853        2 /     2
  40     141.845735      141.850888 1.00003632        1 /     1
  41     158.101821      158.0854060.999896174        1 /     1
  42     61.4801896      61.8143759 1.00543568        3 /     3
  43     80.2630134      80.24746120.999806234        1 /     1
  44     45.1457831      45.2920794 1.00324053        2 /     2
  45     44.0559633      44.9917428  1.0212407        2 /     2
  46     164.060464      164.060466 1.00000001        1 /     1
  47      127.60129      127.5936690.999940275        1 /     1

 branch diagnosis (both channels, every trajectory)
 idx ch  t(ps)         stop      peri/barrier  period/lightcross  a_term(m)      bind(eV)   revolutions   photons  E_emitted(J)
   0  p     181.23211    closed    364.938775         1163203.05 3.52783241e-11  20.4086303        596225        1 2.17987237e-18
   0  o    181.227246    closed    364.938354         1157457.21 3.52783241e-11  20.4086303        596209        1 2.17987237e-18
   1  p    56.6891188    closed    106.609755         379.942164 2.06080428e-11  34.9369554        186427        1 4.50751914e-18
   1  o    56.7102875    closed    106.738745         380.171947 2.06329772e-11  34.8947351        186511        1 4.50075488e-18
   2  p    111.023885    closed    14.5664521         6210.87945 3.52783241e-11  20.4086303        365251        1 2.17987237e-18
   2  o     111.06552    closed    350.358248         6194.32345 3.52783241e-11  20.4086303        365388        1 2.17987237e-18
   3  p    45.6980855    closed    109.378344          384.84397  2.1143221e-11  34.0526296        305327        2 4.36586694e-18
   3  o    45.3557262    closed    109.441469         384.954799 2.11554007e-11  34.0330247        305225        2 4.36272592e-18
   4  p    101.901914    closed    345.796533         4723.23565 3.52783241e-11  20.4086303        335241        1 2.17987237e-18
   4  o    101.951419    closed    345.752059         4712.32484 3.52783241e-11  20.4086303        335404        1 2.17987237e-18
   5  p    150.333364    closed    2.82085117         14499.0397 2.11668629e-11  34.0145952        494573        1 4.35974473e-18
   5  o    150.340048    closed    2.79989069         14513.4604 2.11668629e-11  34.0145952        494595        1 4.35974473e-18
   6  p     165.66723   barrier   0.863351583         97434.9861 3.52783241e-11  20.4086303        545019        1 2.17987237e-18
   6  o    165.697019   barrier   0.873505701         97191.1248 3.52783241e-11  20.4086303        545117        1 2.17987237e-18
   7  p    121.152342    closed    10.4157006         8666.31983 3.52783241e-11  20.4086303        398572        1 2.17987237e-18
   7  o    121.139264    closed    354.517703         8651.18975 3.52783241e-11  20.4086303        398529        1 2.17987237e-18
   8  p    43.5351553    closed    71.1141336          313.06154   1.399139e-11  51.4589524        326659        2 7.15459494e-18
   8  o     43.945944    closed    71.5233557         312.382506 1.39307607e-11  51.6829116        327367        2 7.19047582e-18
   9  p    50.9225161    closed     98.215855          564.25689  1.2948186e-11  55.6048758        349732        2 7.81880881e-18
   9  o    48.4167689    closed    100.497192         588.893852 1.30715472e-11  55.0801112        351818        2 7.73473511e-18
  10  p    153.017688    closed    153.940188         10227.1486   1.511909e-11  47.6207412        503404        1  6.5396171e-18
  10  o    153.023156    closed    153.923062         10157.2675   1.511909e-11  47.6207412        503422        1  6.5396171e-18
  11  p    166.338689   barrier   0.751730417         103532.956 3.52783241e-11  20.4086303        547228        1 2.17987237e-18
  11  o     166.35328    closed    364.127182         103250.683 3.52783241e-11  20.4086303        547276        1 2.17987237e-18
  12  p    96.9314903    closed     37.641444         267.133361 8.14088769e-12  88.4402662        318889        1 1.30792342e-17
  12  o    96.9339618    closed    37.6283158         267.043604 8.14088769e-12  88.4402662        318897        1 1.30792342e-17
  13  p    136.415981    closed    213.140402          7193.8801 2.11668629e-11  34.0145952        448787        1 4.35974473e-18
  13  o    136.437861    closed    213.085895         7127.59819 2.11668629e-11  34.0145952        448859        1 4.35974473e-18
  14  p     109.56153    closed    157.364201         1730.05539 1.68882728e-11  42.6320844        389964        2 5.74040011e-18
  14  o    57.9718921    closed    153.568846         1611.61574 1.65986623e-11  43.3759215        384777        2 5.85957295e-18
  15  p    71.1852896    closed    44.0872883         2057.76698 3.52783241e-11  20.4086303        234184        1 2.17987237e-18
  15  o    71.1691387    closed    44.0481304         2059.02646 3.52783241e-11  20.4086303        234134        1 2.17987237e-18
  16  p    94.5337221    closed    25.0931917         1680.10453 2.11668629e-11  34.0145952        311001        1 4.35974473e-18
  16  o    94.6510678    closed    193.766201         1670.85141 2.11668629e-11  34.0145952        311387        1 4.35974473e-18
  17  p    85.3208846    closed    186.177096         1284.54411 2.11668629e-11  34.0145952        280691        1 4.35974473e-18
  17  o    85.3166216    closed    32.7506417         1285.93752 2.11668629e-11  34.0145952        280678        1 4.35974473e-18
  18  p    52.8967053    closed    111.579344         725.967066 1.37108276e-11  52.5119487        351002        2 7.32328367e-18
  18  o    52.4096349    closed    30.2264652         727.062164 1.37162635e-11  52.4911377        351786        2 7.31994949e-18
  19  p    122.401049    closed    208.789858         4129.06001 2.11668629e-11  34.0145952        402680        1 4.35974473e-18
  19  o    122.394338    closed    208.774285         4122.77269 2.11668629e-11  34.0145952        402658        1 4.35974473e-18
  20  p    137.603274    closed    5.44253851         16489.3323 3.52783241e-11  20.4086303        452693        1 2.17987237e-18
  20  o    137.628496    closed    359.511936         16517.0664 3.52783241e-11  20.4086303        452776        1 2.17987237e-18
  21  p    151.152861    closed    362.244892         32870.9451 3.52783241e-11  20.4086303        497269        1 2.17987237e-18
  21  o    151.134008    closed    2.77794491         32910.3468 3.52783241e-11  20.4086303        497207        1 2.17987237e-18
  22  p    86.9907686    closed    52.8230666         269.225456 1.03474457e-11  69.5806769        286185        1 1.00578084e-17
  22  o    86.9947605    closed    51.8089778           269.1797 1.03439288e-11   69.604334        286199        1 1.00615984e-17
  23  p             0   barrier   0.186594257         2711570.94 1.05835442e-10  6.80284658             0        0              0
  23  o             0   barrier  0.0493485383         2711570.94 1.05835442e-10  6.80284658             0        0              0
  24  p    51.0669722    closed    117.234509         808.130075 1.40613191e-11  51.2030393        353152        2 7.11357989e-18
  24  o    53.0000332    closed     130.28455         1035.15576 1.49226295e-11  48.2476813        366696        2 6.64009361e-18
  25  p    44.1296114    closed    98.5673357         368.111175 1.93445989e-11  37.2187751        308567        2  4.8731325e-18
  25  o    44.8999211    closed    98.9232103         367.054482 1.92336976e-11  37.4333781        309917        2  4.9075151e-18
  26  p    43.8238336    closed    77.4193296         323.775403 1.49654304e-11  48.1096938        321270        2 6.61800408e-18
  26  o    43.7243723    closed    77.3550739         323.640832 1.49529928e-11  48.1497104        321643        2  6.6244152e-18
  27  p    48.8472465    closed     42.934253         434.622015 1.22968723e-11  58.5500326        341199        2 8.29065829e-18
  27  o    47.4357374    closed    84.4890485         436.447825 1.23043158e-11  58.5146129        342265        2 8.28498364e-18
  28  p    134.146876    closed    6.36118741         14193.2351 3.52783241e-11  20.4086303        441322        1 2.17987237e-18
  28  o    134.150821    closed    6.38106058         14217.3797 3.52783241e-11  20.4086303        441335        1 2.17987237e-18
  29  p    175.025732   barrier   0.153429814         149172.223 2.11668629e-11  34.0145952        575807        1 4.35974473e-18
  29  o    175.019957   barrier  0.0636925782         149008.741 2.11668629e-11  34.0145952        575788        1 4.35974473e-18
  30  p    93.5455828    closed    340.596146          3716.9162 3.52783241e-11  20.4086303        307750        1 2.17987237e-18
  30  o    93.5392895    closed    24.3876891         3716.97026 3.52783241e-11  20.4086303        307729        1 2.17987237e-18
  31  p    126.266262    closed    8.63628036         10419.3404 3.52783241e-11  20.4086303        415396        1 2.17987237e-18
  31  o     126.25956    closed    356.299593         10422.0431 3.52783241e-11  20.4086303        415374        1 2.17987237e-18
  32  p    164.182051   barrier   0.851266215          85234.867 3.52783241e-11  20.4086303        540133        1 2.17987237e-18
  32  o     164.18509    closed     363.94156          85262.648 3.52783241e-11  20.4086303        540143        1 2.17987237e-18
  33  p    50.0813289    closed    133.577793          425.29091 2.58210601e-11  27.8835289        300804        2 3.37746685e-18
  33  o    49.9804326    closed    131.533522         424.612346 2.57387293e-11  27.9727202        301723        2 3.39175716e-18
  34  p    159.485476    closed    363.420352         57243.5243 3.52783241e-11  20.4086303        524682        1 2.17987237e-18
  34  o    159.496415    closed    363.421904         57299.6186 3.52783241e-11  20.4086303        524718        1 2.17987237e-18
  35  p     182.42548   barrier  0.0234753417         1734451.16 3.52783241e-11  20.4086303        600151        1 2.17987237e-18
  35  o    182.421224    closed    364.966432         1728531.75 3.52783241e-11  20.4086303        600137        1 2.17987237e-18
  36  p    138.552261    closed    5.26626867         17206.7479 3.52783241e-11  20.4086303        455815        1 2.17987237e-18
  36  o    138.541913    closed    359.733438         17211.0966 3.52783241e-11  20.4086303        455781        1 2.17987237e-18
  37  p    55.4167339    closed    109.319267         384.740026 2.11318012e-11  34.0710319        182309        1 4.36878665e-18
  37  o    55.6925219    closed    110.175872         386.244369 2.12973763e-11  33.8061489        183215        1 4.32634884e-18
  38  p    124.369808    closed    209.496425          4435.9949 2.11668629e-11  34.0145952        409157        1 4.35974473e-18
  38  o    124.371324    closed    9.37079996         4436.55098 2.11668629e-11  34.0145952        409162        1 4.35974473e-18
  39  p    47.7335678    closed    121.806854         406.120442  2.3545696e-11  30.5780842        302443        2 3.80918578e-18
  39  o    47.3820986    closed    122.069865         406.558662 2.35965369e-11  30.5122009        301730        2 3.79863008e-18
  40  p    141.845735    closed    360.483121          20064.559 3.52783241e-11  20.4086303        466650        1 2.17987237e-18
  40  o    141.850888    closed    4.36951646           20069.08 3.52783241e-11  20.4086303        466667        1 2.17987237e-18
  41  p    158.101821    closed    1.40411924         23946.6825 2.11668629e-11  34.0145952        520130        1 4.35974473e-18
  41  o    158.085406    closed    217.234915         23860.6563 2.11668629e-11  34.0145952        520076        1 4.35974473e-18
  42  p    61.4801896    closed    132.251298         423.173739 2.55646164e-11   28.163234        460196        3 3.42229384e-18
  42  o    61.8143759    closed    132.374724         423.371235 2.55884842e-11  28.1369646        460837        3 3.41808498e-18
  43  p    80.2630134    closed    43.8906699         579.839048   1.511909e-11  47.6207412        264052        1  6.5396171e-18
  43  o    80.2474612    closed    43.8115705         579.987155   1.511909e-11  47.6207412        264001        1  6.5396171e-18
  44  p    45.1457831    closed    104.713066         378.986718 2.05045264e-11  35.1133336        306904        2 4.53580858e-18
  44  o    45.2920794    closed    104.774068         378.681487 2.04715114e-11  35.1699618        307188        2 4.54488131e-18
  45  p    44.0559633    closed    96.2585243          361.02601 1.86070996e-11  38.6939551        310497        2   5.109478e-18
  45  o    44.9917428    closed    92.5177524         356.586057 1.81522472e-11   39.663534        315906        2 5.26481842e-18
  46  p    164.060464    closed    363.930419         84380.0828 3.52783241e-11  20.4086303        539733        1 2.17987237e-18
  46  o    164.060466    closed    1.00325629         84356.4864 3.52783241e-11  20.4086303        539733        1 2.17987237e-18
  47  p     127.60129    closed    112.955561         2004.41702 1.17592152e-11  61.2270683        419788        1 8.71948947e-18
  47  o    127.593669    closed    112.926568         1997.76736 1.17592152e-11  61.2270683        419763        1 8.71948947e-18

complete pairs:        47 / 48
mean t_para:           105.407633 ps
mean t_ortho:          104.304346 ps
DIFFERENCE ortho-para: -1.10328677 +/- 1.10055401 ps   (1.00248308 sigma)
GEOMETRIC RATIO:       0.986389921,  95% CI [0.960369037, 1.01311583]
SIGN TEST:             ortho longer in 25 of 47,  exact p = 0.770866995
PHOTON COUNT DIFFERS:  0 of 48  (0%)
