BEGIN 0 2
CREM_HOLD 0.000000000e+00 5.001076833e-01 9.999999999e-01 0.000000000e+00
CREM_HOLD 6.079319364e-11 5.013064107e-01 1.000021934e+00 2.025604184e-30
CREM_HOLD 1.215903876e-10 5.025064494e-01 1.000021695e+00 5.987296598e-30
CREM_HOLD 1.823875381e-10 5.037075940e-01 1.000021462e+00 7.335025322e-30
CREM_HOLD 2.431846462e-10 5.049093312e-01 1.000021233e+00 8.393955034e-30
CREM_HOLD 3.039817123e-10 5.061111344e-01 1.000021006e+00 1.043276649e-29
CREM_HOLD 3.647787370e-10 5.073126343e-01 1.000020782e+00 2.652568056e-29
CREM_HOLD 4.255757210e-10 5.085137424e-01 1.000020562e+00 3.534344228e-29
CREM_HOLD 4.863726648e-10 5.097136331e-01 1.000020344e+00 7.238798117e-29
CREM_HOLD 5.471695688e-10 5.109124463e-01 1.000020130e+00 1.108643840e-28
CREM_HOLD 6.079664338e-10 5.121094441e-01 1.000019919e+00 1.345224234e-28
CREM_HOLD 6.687632603e-10 5.133047418e-01 1.000019710e+00 6.884999761e-29
CREM_HOLD 7.295600487e-10 5.144975391e-01 1.000019506e+00 4.606784490e-29
CREM_HOLD 7.903567999e-10 5.156882288e-01 1.000019304e+00 9.358848970e-29
CREM_HOLD 8.511535143e-10 5.168758485e-01 1.000019105e+00 1.114353356e-28
CREM_HOLD 9.119501924e-10 5.180604566e-01 1.000018910e+00 1.180131379e-28
CREM_HOLD 9.727468348e-10 5.192421333e-01 1.000018718e+00 7.553620347e-29
CREM_HOLD 1.033543442e-09 5.204204473e-01 1.000018528e+00 1.352377684e-28
CREM_HOLD 1.094340015e-09 5.215947525e-01 1.000018342e+00 8.448271163e-29
CREM_HOLD 1.155136554e-09 5.227651763e-01 1.000018159e+00 7.931250492e-29
CREM_HOLD 1.215933060e-09 5.239316431e-01 1.000017979e+00 6.366609447e-29
CREM_HOLD 1.276729532e-09 5.250939959e-01 1.000017801e+00 8.238833180e-29
CREM_HOLD 1.337525972e-09 5.262520529e-01 1.000017627e+00 5.784589432e-29
CREM_HOLD 1.398322381e-09 5.274056335e-01 1.000017456e+00 4.445235096e-29
CREM_HOLD 1.459118758e-09 5.285545727e-01 1.000017286e+00 5.397393798e-29
CREM_HOLD 1.519915105e-09 5.296987430e-01 1.000017121e+00 9.136663524e-29
CREM_HOLD 1.580711421e-09 5.308381006e-01 1.000016958e+00 1.243292038e-28
CREM_HOLD 1.641507707e-09 5.319727870e-01 1.000016797e+00 9.774594324e-29
CREM_HOLD 1.702303964e-09 5.331026038e-01 1.000016640e+00 8.513387905e-29
CREM_HOLD 1.763100193e-09 5.342269979e-01 1.000016485e+00 5.090884812e-29
CREM_HOLD 1.823896393e-09 5.353460732e-01 1.000016332e+00 3.683791847e-29
CREM_HOLD 1.884692565e-09 5.364602647e-01 1.000016182e+00 4.944059081e-29
CREM_HOLD 1.945488710e-09 5.375688339e-01 1.000016035e+00 5.736534529e-29
END idx  0 ortho stop=closed photons=1 nE=1.0000 L=0.5387 e=0.84252 rp/eps=8.9183e+01 n/psi0=3.6681e-04 ET=3.780605e-04 S=0.999993 Gf=2.645145e+03 check=3.780485e-04
