BEGIN 0
CREM_REACH 9.666666719e+00 3.333333333e-01 0.000000000e+00 4.181665104e+00 2.097993750e-18 7.500000000e-01 7.314814800e-01 1.300000000e+01 1.000000000e+00 1.000000000e+00 13 3.000000000e+00 1.500000000e+00 5.427679098e-09
END idx 0 stop=4 photons=1 lifetime=5.427679e-09
BEGIN 1
CREM_REACH 6.333333338e+00 3.333333333e-01 0.000000000e+00 2.573332358e+00 1.291073077e-18 7.500000000e-01 8.240740739e-01 8.000000000e+00 1.000000000e+00 1.000000000e+00 8 3.000000000e+00 1.500000000e+00 5.427674992e-09
END idx 1 stop=4 photons=1 lifetime=5.427675e-09
BEGIN 2
CREM_REACH 3.666666591e+00 3.333333333e-01 0.000000000e+00 1.286666173e+00 6.455365385e-19 7.500000000e-01 8.981481503e-01 4.000000000e+00 1.000000000e+00 1.000000000e+00 4 3.000000000e+00 1.500000000e+00 5.427872070e-09
CREM_REACH 1.090909229e+00 3.000000000e+00 0.000000000e+00 1.608335349e-01 8.069219933e-20 8.981481607e-01 -3.591431152e-09 7.121371617e-02 1.000000000e+00 1.000000000e+00 57 1.566699000e+00 5.000000000e-01 5.512160823e-09
CREM_REACH 2.333333342e+00 3.333333321e-01 8.537736463e-07 2.573332384e+00 1.291073084e-18 0.000000000e+00 7.407407416e-01 1.000000000e+00 1.000000000e+00 1.000000000e+00 1 1.499999997e+00 1.499999997e+00 6.221543354e-09
END idx 2 stop=4 photons=3 lifetime=6.221543e-09
