 n  e      measured-1      delta2 (v^4)    residual        delta3 (v^6, numeric)  residual-delta3  4J/L-3
 1 0.000  3.328232e-06  3.328210e-06  +2.216e-11      1.385e-11              +8.31e-12       1.0000   (d2 quadrature/analytic 1.0000000000)
 1 0.300  3.971054e-06  3.971018e-06  +3.625e-11      2.266e-11              +1.36e-11       1.1931   (d2 quadrature/analytic 1.0000000000)
 1 0.600  6.656544e-06  6.656419e-06  +1.246e-10      7.789e-11              +4.67e-11       2.0000   (d2 quadrature/analytic 1.0000000000)
 1 0.866  1.663970e-05  1.663871e-05  +9.967e-10      6.229e-10              +3.74e-10       4.9993   (d2 quadrature/analytic 1.0000000000)
 1 0.950  3.265566e-05  3.265058e-05  +5.082e-09      3.176e-09              +1.91e-09       9.8103   (d2 quadrature/analytic 1.0000000000)
 2 0.000  8.320538e-07  8.320524e-07  +1.383e-12      8.654e-13              +5.18e-13       1.0000   (d2 quadrature/analytic 1.0000000000)
 2 0.300  9.927567e-07  9.927545e-07  +2.266e-12      1.416e-12              +8.50e-13       1.1931   (d2 quadrature/analytic 1.0000000000)
 2 0.600  1.664113e-06  1.664105e-06  +7.789e-12      4.868e-12              +2.92e-12       2.0000   (d2 quadrature/analytic 1.0000000000)
 2 0.866  4.159739e-06  4.159676e-06  +6.229e-11      3.893e-11              +2.34e-11       4.9993   (d2 quadrature/analytic 1.0000000000)
 2 0.950  8.162962e-06  8.162644e-06  +3.176e-10      1.985e-10              +1.19e-10       9.8103   (d2 quadrature/analytic 1.0000000000)
 3 0.000  3.698013e-07  3.698011e-07  +2.740e-13      1.709e-13              +1.03e-13       1.0000   (d2 quadrature/analytic 1.0000000000)
 3 0.300  4.412247e-07  4.412242e-07  +4.477e-13      2.797e-13              +1.68e-13       1.1931   (d2 quadrature/analytic 1.0000000000)
 3 0.600  7.396037e-07  7.396021e-07  +1.539e-12      9.615e-13              +5.77e-13       2.0000   (d2 quadrature/analytic 1.0000000000)
 3 0.866  1.848757e-06  1.848745e-06  +1.230e-11      7.690e-12              +4.61e-12       4.9993   (d2 quadrature/analytic 1.0000000000)
 3 0.950  3.627905e-06  3.627842e-06  +6.273e-11      3.920e-11              +2.35e-11       9.8103   (d2 quadrature/analytic 1.0000000000)
 4 0.000  2.080132e-07  2.080131e-07  +8.460e-14      5.409e-14              +3.05e-14       1.0000   (d2 quadrature/analytic 1.0000000000)
 4 0.300  2.481888e-07  2.481886e-07  +1.416e-13      8.850e-14              +5.31e-14       1.1931   (d2 quadrature/analytic 1.0000000000)
 4 0.600  4.160267e-07  4.160262e-07  +4.867e-13      3.042e-13              +1.82e-13       2.0000   (d2 quadrature/analytic 1.0000000000)
 4 0.866  1.039923e-06  1.039919e-06  +3.893e-12      2.433e-12              +1.46e-12       4.9993   (d2 quadrature/analytic 1.0000000000)
 4 0.950  2.040681e-06  2.040661e-06  +1.985e-11      1.240e-11              +7.44e-12       9.8103   (d2 quadrature/analytic 1.0000000000)
