CREM_REACH 3.989578424e+00 1.000222382e+00 8.113510568e+01 1.495361267e+03 8.167383178e-19 7.494583944e-01 0.000000000e+00 9.999975060e-01 2.223326658e-04 2.985754881e+00 4 1.997392907e+00 9.997776673e-01 4.259828928e-09
CREM_REACH 2.320226722e+00 1.311601460e+00 4.903354824e+01 6.603681784e+02 3.606817357e-19 7.494665075e-01 7.181255590e-12 4.416119544e-01 3.115264030e-01 2.985728891e+00 6 1.997388201e+00 9.997591240e-01 4.259509450e-09
CREM_REACH 3.989640616e+00 1.000315843e+00 6.186289273e+01 1.495369064e+03 8.167425765e-19 7.495091141e-01 0.000000000e+00 9.999975060e-01 3.157436805e-04 2.985839334e+00 13 1.997408475e+00 9.996842563e-01 4.258593900e-09
CREM_REACH 1.351744144e+00 8.601295599e-01 4.767958514e+01 4.082278132e+02 2.229667034e-19 5.121564423e-05 7.577383165e-12 4.889118200e-01 1.834039305e-01 4.716944941e-01 1 1.311275113e+00 1.311241534e+00 4.964593645e-09
CREM_REACH 3.989615134e+00 1.000317776e+00 7.110241685e+01 1.495365869e+03 8.167408316e-19 7.495084823e-01 0.000000000e+00 9.999975060e-01 3.176755200e-04 2.985805540e+00 8 1.997402096e+00 9.996823245e-01 4.258441698e-09
CREM_REACH 1.272003230e+00 8.866426330e-01 5.854986752e+01 4.267266871e+02 2.330701244e-19 0.000000000e+00 0.000000000e+00 9.999992884e-01 1.278501199e-01 1.533900965e-01 1 1.127831206e+00 1.127850120e+00 5.055310923e-09
CREM_REACH 3.989576875e+00 1.000288638e+00 7.713379342e+01 1.495361073e+03 8.167382117e-19 7.494914863e-01 0.000000000e+00 9.999975060e-01 2.885550290e-04 2.985754292e+00 5 1.997392519e+00 9.997114450e-01 4.259190700e-09
CREM_REACH 3.863576045e+00 1.016431664e+00 5.947152465e+01 1.432339848e+03 7.823173637e-19 7.494732156e-01 -6.701528221e-12 9.578541035e-01 1.642750123e-02 2.985739475e+00 18 1.997390096e+00 9.997466880e-01 4.259507808e-09
CREM_REACH 1.032603577e+00 9.840873247e-01 6.470100108e+01 6.300802218e+01 3.441380165e-20 2.075150525e-06 0.000000000e+00 9.999998955e-01 1.616998298e-02 1.656548286e-02 1 1.016171037e+00 1.016169983e+00 4.281352247e-09
CREM_REACH 3.989557208e+00 1.000291943e+00 6.731040700e+01 1.495358607e+03 8.167368650e-19 7.494919067e-01 0.000000000e+00 9.999975060e-01 2.918579175e-04 2.985726659e+00 4 1.997387596e+00 9.997081421e-01 4.258940617e-09
CREM_REACH 2.455091712e+00 1.275194598e+00 5.040714640e+01 7.278311806e+02 3.975287772e-19 7.495163685e-01 -1.677236128e-11 4.867277642e-01 2.751001007e-01 2.985695598e+00 3 1.997382170e+00 9.996566151e-01 4.258410145e-09
CREM_REACH 1.624991916e+00 7.844633496e-01 5.110385476e+01 7.675150596e+02 4.192023509e-19 0.000000000e+00 0.000000000e+00 9.999987199e-01 2.747568137e-01 3.983621372e-01 1 1.274751708e+00 1.274756814e+00 4.521094297e-09
CREM_REACH 3.989586113e+00 1.000388707e+00 8.271922993e+01 1.495362231e+03 8.167388443e-19 7.495421802e-01 0.000000000e+00 9.999975060e-01 3.885555091e-04 2.985765880e+00 6 1.997394832e+00 9.996114445e-01 4.258165188e-09
CREM_REACH 3.989502441e+00 1.000312332e+00 7.780447864e+01 1.495351741e+03 8.167331146e-19 7.494986799e-01 0.000000000e+00 9.999975060e-01 3.122346825e-04 2.985649238e+00 28 1.997373886e+00 9.996877653e-01 4.258781996e-09
CREM_REACH 3.098457497e+00 1.135095829e+00 5.544141818e+01 1.049657171e+03 5.733039402e-19 7.495105719e-01 9.603984275e-12 7.019476764e-01 1.350499480e-01 2.985610020e+00 7 1.997366587e+00 9.996603827e-01 4.280500814e-09
CREM_REACH 1.021792220e+00 9.892984838e-01 5.259033553e+01 3.377520640e+01 1.844741051e-20 3.978484612e-05 7.573719429e-12 7.578348962e-02 1.214283888e-02 1.631518884e-01 1 1.134706539e+00 1.134683966e+00 4.320365004e-09
CREM_REACH 1.260089884e+00 8.908382169e-01 6.286565216e+01 4.118944151e+02 2.249690153e-19 0.000000000e+00 0.000000000e+00 9.999993131e-01 1.225382803e-01 1.459836988e-01 1 1.122537253e+00 1.122538280e+00 4.375224301e-09
CREM_REACH 1.402878013e+00 1.686853178e+00 3.251500712e+01 2.015203882e+02 1.100671368e-19 7.494897364e-01 1.723743370e-11 1.347649833e-01 6.866494632e-01 2.985626680e+00 10 1.997369486e+00 9.997034086e-01 4.258540428e-09
CREM_REACH 2.843730029e+00 5.929983313e-01 2.131445023e+01 1.293815335e+03 7.066577046e-19 0.000000000e+00 0.000000000e+00 9.999978422e-01 6.863453862e-01 1.554599853e+00 1 1.686336274e+00 1.686345386e+00 1.203024731e-08
CREM_REACH 3.989631204e+00 1.000217068e+00 7.219342618e+01 1.495367884e+03 8.167419320e-19 7.494590469e-01 0.000000000e+00 9.999975060e-01 2.170212932e-04 2.985827505e+00 21 1.997406119e+00 9.997829787e-01 4.259958240e-09
CREM_REACH 3.989467899e+00 1.000361472e+00 6.656073592e+01 1.495347410e+03 8.167307492e-19 7.495211207e-01 0.000000000e+00 9.999975060e-01 3.613411822e-04 2.985604730e+00 13 1.997365239e+00 9.996386588e-01 4.280579982e-09
CREM_REACH 3.989488156e+00 1.000326475e+00 6.475018764e+01 1.495349949e+03 8.167321364e-19 7.495048661e-01 0.000000000e+00 9.999975061e-01 3.263683884e-04 2.985630127e+00 8 1.997370310e+00 9.996736316e-01 4.280619726e-09
CREM_REACH 3.989528768e+00 1.000301560e+00 7.191633565e+01 1.495355041e+03 8.167349175e-19 7.494949376e-01 0.000000000e+00 9.999975060e-01 3.014689997e-04 2.985686420e+00 1 1.997380477e+00 9.996985310e-01 4.258533041e-09
CREM_REACH 3.989454843e+00 1.000302651e+00 6.713006155e+01 1.495345773e+03 8.167298551e-19 7.494908420e-01 0.000000000e+00 9.999975061e-01 3.025590938e-04 2.985584390e+00 5 1.997361971e+00 9.996974409e-01 4.280684344e-09
CREM_REACH 2.423723474e+00 1.283410319e+00 5.010046172e+01 7.121406622e+02 3.889589083e-19 7.495126046e-01 1.318567477e-11 4.762349048e-01 2.833151750e-01 2.985696897e+00 6 1.997382493e+00 9.996642872e-01 4.258242334e-09
