idx ch   N    span(ps)  L0      max|dL|   slope(hbar/ns)  t(0.5hbar)/ns  n range           w min    w mean   w max
  2 p-Ps  126     409.8 0.54729 1.64e-03  -3.955e-03      1.264e+02     [0.999991,1.000010] 0.6842  0.9223  1.0000
  2 o-Ps   38     121.7 0.54702 4.99e-03  -4.002e-02      1.249e+01     [0.999990,1.000000] 0.0000  0.0000  0.0000
  3 p-Ps   19       0.0 0.10565 4.32e-03  +3.940e+02      1.269e-03     [0.999547,1.000277] 0.8747  0.9158  0.9569
  3 o-Ps   10       0.0 0.10539 1.31e-02  -5.205e+03      9.606e-05     [0.999127,1.000000] 0.0000  0.0000  0.0000
 15 p-Ps  339       4.0 0.24775 6.43e-04  -1.007e-01      4.965e+00     [0.999856,1.000020] 0.6151  0.7490  0.8635
 15 o-Ps  368       3.9 0.24720 7.87e-03  -1.808e+00      2.765e-01     [0.999880,1.000000] 0.0000  0.0000  0.0000
 22 p-Ps  431      41.8 0.37467 1.53e-03  +3.651e-02      1.369e+01     [0.999946,1.000000] 0.7926  0.8766  0.9553
 22 o-Ps  435      41.8 0.37473 6.58e-05  +8.258e-04      6.055e+02     [1.000000,1.000015] 0.0000  0.0000  0.0000
 24 p-Ps  338      87.1 0.45442 3.86e-05  +4.449e-04      1.124e+03     [0.999977,1.000000] 0.7250  0.7433  0.7613
 24 o-Ps  410      94.6 0.45307 1.66e-02  -1.752e-01      2.854e+00     [0.999995,1.000000] 0.0000  0.0000  0.0000
 34 p-Ps   71     496.3 0.84826 2.47e-05  +2.400e-05      2.083e+04     [0.999996,1.000000] 0.7209  0.8633  0.9905
 34 o-Ps   71     497.0 0.84828 3.53e-04  +7.114e-04      7.029e+02     [1.000000,1.000000] 0.0000  0.0000  0.0000
 36 p-Ps  168     499.6 0.72451 3.06e-04  -6.008e-04      8.323e+02     [0.999994,1.000001] 0.7171  0.8771  0.9998
 36 o-Ps  167     498.4 0.72452 6.84e-04  +1.370e-03      3.650e+02     [0.999999,1.000000] 0.0000  0.0000  0.0000
 38 p-Ps  338     499.8 0.63552 6.64e-04  -1.040e-03      4.809e+02     [0.999991,1.000004] 0.6500  0.8489  0.9872
 38 o-Ps  336     498.8 0.63546 4.13e-04  +8.184e-04      6.110e+02     [0.999996,1.000000] 0.0000  0.0000  0.0000

SUMMARY per channel
p-Ps: N=8  max|dL| over all 4.32e-03 hbar;  t(0.5 hbar) median 3.037e+02 ns, min 1.269e-03 ns; > 142 ns: 4/8;  w min<0.8: 7/8;  max w 1.000e+00;  median time-mean w 0.8699
o-Ps: N=8  max|dL| over all 1.66e-02 hbar;  t(0.5 hbar) median 1.888e+02 ns, min 9.606e-05 ns; > 142 ns: 4/8;  w min<0.8: 8/8;  max w 0.000e+00;  median time-mean w 0.0000
