BEGIN 12 1
CREM_REACH 7.000035609e+00 3.095565526e-01 0.000000000e+00 2.993355313e+03 1.634906448e-18 4.755743177e-01 6.482256217e-01 6.000000000e+00 1.000000000e+00 1.000000000e+00 6 1.999999613e+00 1.448344544e+00 2.918073932e-09
CREM_REACH 1.873110959e+00 1.233826798e+00 1.800000000e+02 3.049054404e+03 1.665311160e-18 6.493061920e-01 6.867839630e-13 3.300069250e-01 1.046754378e-01 1.000000000e+00 20 7.559384824e-01 4.476622811e-01 3.113275320e-09
CREM_REACH 1.522348509e+00 8.104812214e-01 1.800000000e+02 3.416817125e+03 1.866151957e-18 1.110223025e-16 -6.020739463e-12 1.442559934e-01 1.046786768e-01 1.000000000e+00 1 5.523393384e-01 5.523393384e-01 3.113308985e-09
END idx 12 para  stop=closed photons=3 nE=2.2338 L=0.4477 e=0.00000 rp/eps=1.1349e+02 n/psi0=7.2343e-03 ET=2.496001e-08 S=0.999559 Gf=4.577341e+07 check=2.183711e-08
BEGIN 12 2
CREM_REACH 7.000029954e+00 3.095079761e-01 0.000000000e+00 2.993351335e+03 1.634904275e-18 4.756483050e-01 6.483859137e-01 6.000000000e+00 1.000000000e+00 1.000000000e+00 6 2.000000000e+00 1.448242652e+00 2.918075727e-09
CREM_REACH 1.821795770e+00 1.272960932e+00 1.800000000e+02 2.870030538e+03 1.567534095e-18 6.612571318e-01 2.302602553e-12 3.106032751e-01 1.200904636e-01 1.000000000e+00 22 7.559149745e-01 4.399547682e-01 3.113053865e-09
CREM_REACH 1.620683037e+00 7.854603636e-01 1.800000000e+02 3.949090814e+03 2.156859611e-18 0.000000000e+00 -9.410250357e-13 1.738041870e-01 1.201592826e-01 1.000000000e+00 1 5.600452318e-01 5.600796413e-01 3.113482594e-09
END idx 12 ortho stop=closed photons=3 nE=2.2731 L=0.4399 e=0.00000 rp/eps=1.0960e+02 n/psi0=8.6127e-03 ET=1.610412e-05 S=1.000000 Gf=6.210794e+04 check=1.610099e-05
