BEGIN 15 1
CREM_REACH 1.999998844e+00 1.985801255e-01 8.537736463e-07 4.988877618e+02 2.724840588e-19 6.107571212e-01 9.693011588e-01 1.000000000e+00 1.000000000e+00 1.000000000e+00 1 1.999997965e+00 1.247785377e+00 2.271615484e-09
CREM_REACH 3.536358434e+00 3.031485507e+00 1.800000000e+02 2.531268519e+03 1.382524385e-18 9.692296292e-01 4.328537528e-12 1.793277970e+00 5.039049511e-01 1.000000000e+00 13 1.414062262e+00 2.480475245e-01 2.271621207e-09
CREM_REACH 3.659726022e+00 3.298674002e-01 1.800000000e+02 9.386488518e+03 5.126537495e-18 5.460645381e-05 6.017978016e-01 1.000000000e+00 5.039093369e-01 1.000000000e+00 1 7.519752001e-01 7.519546685e-01 2.331339700e-09
END idx 15 para  stop=closed photons=3 nE=2.5440 L=0.2480 e=0.77576 rp/eps=1.9621e+01 n/psi0=1.2618e+00 ET=2.491480e-09 S=0.994219 Gf=7.020169e+09 check=1.416233e-10
BEGIN 15 2
CREM_REACH 2.000000832e+00 1.984517960e-01 0.000000000e+00 4.988877382e+02 2.724840460e-19 6.108825402e-01 9.693506717e-01 1.000000000e+00 1.000000000e+00 1.000000000e+00 1 2.000000000e+00 1.247585604e+00 1.945384628e-09
CREM_REACH 3.242400596e+00 3.657571621e+00 1.799999991e+02 2.237919073e+03 1.222304427e-18 9.769459277e-01 8.888445535e-13 1.585595216e+00 5.705916811e-01 1.000000000e+00 13 1.414056077e+00 2.147041595e-01 2.305140984e-09
CREM_REACH 3.546768358e+00 2.733672782e-01 1.800000000e+02 8.240790029e+03 4.500822834e-18 0.000000000e+00 7.349511752e-01 1.000000000e+00 5.706387577e-01 1.000000000e+00 1 7.853193788e-01 7.853193788e-01 2.369302997e-09
END idx 15 ortho stop=closed photons=3 nE=2.3981 L=0.2147 e=0.85729 rp/eps=1.4052e+01 n/psi0=3.1949e+00 ET=4.577385e-08 S=0.999986 Gf=2.303874e+07 check=4.340454e-08
