BEGIN 16 1
CREM_REACH 3.000003455e+00 3.008538705e-01 0.000000000e+00 9.977772018e+02 5.449681274e-19 4.885489268e-01 8.611208482e-01 2.000000000e+00 1.000000000e+00 1.000000000e+00 2 1.999999998e+00 1.430316150e+00 3.024085278e-09
CREM_REACH 4.095035097e+00 1.328932995e+00 1.800000000e+02 4.632150567e+03 2.529959005e-18 8.617273765e-01 2.504663144e-12 1.786947817e+00 1.412376379e-01 1.000000000e+00 23 1.154715259e+00 4.293811810e-01 3.074514016e-09
CREM_REACH 1.766095718e+00 7.524764013e-01 1.800000000e+02 4.695275072e+03 2.564395789e-18 1.485967771e-08 -1.606048627e-12 2.185735297e-01 1.412421865e-01 1.000000000e+00 1 5.706210975e-01 5.706210932e-01 3.086230598e-09
END idx 16 para  stop=closed photons=3 nE=2.3289 L=0.4294 e=0.00000 rp/eps=1.0441e+02 n/psi0=1.0977e-02 ET=1.583320e-08 S=0.999426 Gf=7.840489e+07 check=1.274699e-08
BEGIN 16 2
CREM_REACH 3.000003328e+00 3.007940530e-01 0.000000000e+00 9.977771367e+02 5.449680918e-19 4.886364341e-01 8.611998264e-01 2.000000000e+00 1.000000000e+00 1.000000000e+00 2 2.000000000e+00 1.430193785e+00 2.918075727e-09
CREM_REACH 3.971873824e+00 1.377442329e+00 1.799999991e+02 4.448102853e+03 2.429438467e-18 8.673040381e-01 -2.162270363e-12 1.715773700e+00 1.587598253e-01 1.000000000e+00 25 1.154678703e+00 4.206200873e-01 3.074488968e-09
CREM_REACH 1.897349855e+00 7.259823866e-01 1.800000000e+02 5.334685002e+03 2.913614807e-18 0.000000000e+00 -1.311839526e-12 2.599609264e-01 1.587603765e-01 1.000000000e+00 1 5.793799127e-01 5.793801882e-01 3.087419705e-09
END idx 16 ortho stop=closed photons=3 nE=2.3774 L=0.4206 e=0.00000 rp/eps=1.0019e+02 n/psi0=1.3489e-02 ET=1.028389e-05 S=0.999999 Gf=9.726861e+04 check=1.028080e-05
