BEGIN 17 1
CREM_REACH 3.000004349e+00 2.656088685e-01 0.000000000e+00 9.977791082e+02 5.449691686e-19 5.364615140e-01 9.018946197e-01 2.000000000e+00 1.000000000e+00 1.000000000e+00 2 1.999998534e+00 1.361672217e+00 2.431729683e-09
CREM_REACH 3.258045777e+00 1.775748339e+00 1.800000000e+02 3.379394511e+03 1.845744256e-18 9.026625458e-01 3.669065052e-12 1.303670739e+00 2.794735850e-01 1.000000000e+00 124 1.154728592e+00 3.602632075e-01 2.759639892e-09
CREM_REACH 3.151935283e+00 5.633304205e-01 1.800000000e+02 1.049308287e+04 5.730869692e-18 2.387505010e-04 -1.190825216e-12 6.883248569e-01 2.793200809e-01 1.000000000e+00 1 6.397364137e-01 6.396600404e-01 2.779814716e-09
END idx 17 para  stop=closed photons=3 nE=2.7752 L=0.3603 e=0.00000 rp/eps=7.3531e+01 n/psi0=6.3336e-02 ET=4.819800e-09 S=0.998797 Gf=4.895987e+08 check=2.040032e-09
BEGIN 17 2
CREM_REACH 3.000003328e+00 2.655594341e-01 0.000000000e+00 9.977771365e+02 5.449680917e-19 5.365245918e-01 9.019445130e-01 2.000000000e+00 1.000000000e+00 1.000000000e+00 2 2.000000000e+00 1.361580564e+00 2.431730178e-09
CREM_REACH 3.256569217e+00 1.776597618e+00 1.800000000e+02 3.377552271e+03 1.844738079e-18 9.027114937e-01 -4.047873148e-12 1.302785581e+00 2.796939726e-01 1.000000000e+00 124 1.154665754e+00 3.601530137e-01 2.759612513e-09
CREM_REACH 3.156299097e+00 5.628736579e-01 1.800000000e+02 1.051072790e+04 5.740506338e-18 0.000000000e+00 -1.190825216e-12 6.898387495e-01 2.796939726e-01 1.000000000e+00 1 6.398469863e-01 6.398469863e-01 2.775747377e-09
END idx 17 ortho stop=closed photons=3 nE=2.7766 L=0.3602 e=0.00000 rp/eps=7.3455e+01 n/psi0=6.3665e-02 ET=1.374292e-06 S=0.999999 Gf=7.291216e+05 check=1.371512e-06
