BEGIN 18 1
CREM_REACH 1.000006740e+01 7.015818944e-01 1.799999991e+02 4.490049417e+03 2.452356413e-18 9.136555759e-01 5.749950684e-01 9.000000000e+00 1.753768694e-01 1.000000000e+00 9 2.000000000e+00 5.876884347e-01 2.431727746e-15
CREM_REACH 1.159542178e+00 1.423091149e+00 1.800000000e+02 7.960350922e+02 4.347739623e-19 5.741584692e-01 9.686140778e-12 5.044884496e-02 1.746080205e-01 1.000000000e+00 1 6.324209404e-01 4.126959898e-01 4.776765167e-10
CREM_REACH 2.025453164e+00 7.026497521e-01 1.800000000e+02 5.932537906e+03 3.240136018e-18 0.000000000e+00 -1.099786928e-12 3.011303244e-01 1.746397035e-01 1.000000000e+00 1 5.873198517e-01 5.873198517e-01 4.978846132e-10
END idx 18 para  stop=closed photons=3 nE=2.4232 L=0.4127 e=0.00000 rp/eps=9.6443e+01 n/psi0=1.6320e-02 ET=8.338155e-09 S=0.999315 Gf=1.274700e+08 check=7.839609e-09
BEGIN 18 2
CREM_REACH 1.000006740e+01 6.997779854e-01 1.800000000e+02 4.490049417e+03 2.452356413e-18 9.134722107e-01 5.762798799e-01 9.000000000e+00 1.766242516e-01 1.000000000e+00 9 2.000000000e+00 5.883121258e-01 2.431727746e-15
CREM_REACH 1.155685536e+00 1.429192470e+00 1.800000000e+02 7.766407356e+02 4.241812907e-19 5.763776323e-01 3.753997113e-12 4.923413905e-02 1.766811299e-01 1.000000000e+00 1 6.324826725e-01 4.116594351e-01 4.771123558e-10
CREM_REACH 2.042591117e+00 6.996958218e-01 1.800000000e+02 6.010775604e+03 3.282865960e-18 0.000000000e+00 -1.883382339e-12 3.066963129e-01 1.766811299e-01 1.000000000e+00 1 5.883405649e-01 5.883405649e-01 4.973334615e-10
END idx 18 ortho stop=closed photons=3 nE=2.4292 L=0.4117 e=0.00000 rp/eps=9.5967e+01 n/psi0=1.6729e-02 ET=1.408841e-06 S=0.999999 Gf=7.100537e+05 check=1.408343e-06
