BEGIN 21 1
CREM_REACH 2.000001428e+00 4.444296744e-01 0.000000000e+00 4.988880908e+02 2.724842386e-19 1.900429777e-01 6.800380177e-01 1.000000000e+00 1.000000000e+00 1.000000000e+00 1 1.999999889e+00 1.799952146e+00 4.377111059e-09
CREM_REACH 2.414231880e+00 2.502306739e-01 1.800000000e+02 1.411090678e+03 7.707102376e-19 6.801177393e-01 9.516440157e-01 1.000000000e+00 5.997047919e-01 1.000000000e+00 1 1.414212826e+00 7.998523960e-01 5.002933403e-09
CREM_REACH 1.047730931e+00 7.978933698e+00 1.800000000e+02 1.151263964e+02 6.287977008e-20 9.850079673e-01 4.535261056e-12 2.175746752e-02 7.772564018e-01 1.000000000e+00 145 9.095885280e-01 1.113717991e-01 5.163349133e-09
CREM_REACH 3.250681320e+00 1.253300300e-01 1.800000000e+02 5.687782485e+03 3.106495822e-18 4.535261056e-12 9.489395447e-01 1.000000000e+00 7.772564018e-01 1.074900272e+00 1 8.886282009e-01 8.886282009e-01 5.163349133e-09
END idx 21 para  stop=none photons=4 nE=nan L=nan e=0.00000 rp/eps=nan n/psi0=0.0000e+00 ET=nan S=1.000000 Gf=0.000000e+00 check=0.000000e+00
BEGIN 21 2
CREM_REACH 2.000000832e+00 4.444093006e-01 0.000000000e+00 4.988877380e+02 2.724840459e-19 1.901024697e-01 6.800909475e-01 1.000000000e+00 1.000000000e+00 1.000000000e+00 1 2.000000000e+00 1.799886141e+00 4.377112374e-09
CREM_REACH 2.414219199e+00 2.512601439e-01 1.800000000e+02 1.411081197e+03 7.707050593e-19 6.806431690e-01 9.513256548e-01 1.000000000e+00 5.983886402e-01 1.000000000e+00 1 1.414211237e+00 7.991943201e-01 5.002765973e-09
CREM_REACH 1.298061733e+00 3.969080417e+00 1.800000000e+02 7.182051518e+02 3.922687213e-19 9.510981987e-01 4.260702902e-12 1.356242306e-01 5.975110418e-01 1.000000000e+00 114 9.100422312e-01 2.012444791e-01 5.163382328e-09
CREM_REACH 3.503647062e+00 2.518072622e-01 1.800000000e+02 7.829240184e+03 4.276056546e-18 0.000000000e+00 7.778446105e-01 1.000000000e+00 5.976900441e-01 1.000000000e+00 1 7.988450220e-01 7.988450220e-01 5.224108964e-09
END idx 21 ortho stop=closed photons=4 nE=2.3431 L=0.2012 e=0.88195 rp/eps=1.2176e+01 n/psi0=4.8276e+00 ET=2.158615e-08 S=0.999978 Gf=6.111583e+07 check=1.636202e-08
