BEGIN 27 1
CREM_REACH 2.000000634e+00 5.520848526e-01 1.800000000e+02 4.988877380e+02 2.724840458e-19 8.962210735e-01 9.367368270e-01 1.000000000e+00 2.885893427e-01 1.000000000e+00 1 1.999999801e+00 6.442946713e-01 4.863479809e-10
CREM_REACH 4.818301416e+00 1.810950623e+00 1.800000000e+02 3.810088297e+03 2.080979348e-18 9.367161610e-01 -7.454037387e-13 2.699838718e+00 2.884969294e-01 1.000000000e+00 18 1.414165944e+00 3.557515353e-01 5.822002532e-10
CREM_REACH 3.279087883e+00 5.522637318e-01 1.800000000e+02 1.095777220e+04 5.984655059e-18 1.061499404e-04 -9.494627307e-13 7.341219921e-01 2.884408487e-01 1.000000000e+00 1 6.442546191e-01 6.442204244e-01 6.647621434e-10
END idx 27 para  stop=closed photons=3 nE=2.8107 L=0.3558 e=0.00000 rp/eps=7.1681e+01 n/psi0=7.1937e-02 ET=2.400197e-09 S=0.998896 Gf=5.755623e+08 check=1.735513e-09
BEGIN 27 2
CREM_REACH 2.000000815e+00 5.553457699e-01 1.800000000e+02 4.988877380e+02 2.724840458e-19 8.966557992e-01 9.362554264e-01 1.000000000e+00 2.858877034e-01 1.000000000e+00 1 1.999999983e+00 6.429438517e-01 4.863479809e-10
CREM_REACH 4.839832215e+00 1.799791887e+00 1.800000000e+02 3.831373225e+03 2.092604520e-18 9.362140373e-01 -1.905364755e-12 2.715133381e+00 2.856611917e-01 1.000000000e+00 18 1.414202798e+00 3.571694041e-01 5.836009284e-10
CREM_REACH 3.239250837e+00 5.556197954e-01 1.799999988e+02 1.081398769e+04 5.906128676e-18 0.000000000e+00 -1.761701895e-12 7.197165997e-01 2.856611917e-01 1.000000000e+00 1 6.428305959e-01 6.428305959e-01 6.620018690e-10
END idx 27 ortho stop=closed photons=3 nE=2.7998 L=0.3572 e=0.00000 rp/eps=7.2243e+01 n/psi0=6.9187e-02 ET=5.881622e-07 S=0.999999 Gf=1.702137e+06 check=5.874959e-07
