BEGIN 28 1
CREM_REACH 2.000000877e+00 4.108162807e-01 8.537736463e-07 4.988878577e+02 2.724841112e-19 2.798240434e-01 7.569116772e-01 1.000000000e+00 1.000000000e+00 1.000000000e+00 1 1.999999805e+00 1.697263464e+00 4.285809145e-09
CREM_REACH 2.414202374e+00 4.342762904e-01 1.799999991e+02 1.411072026e+03 7.707000507e-19 7.569429969e-01 8.893340414e-01 1.000000000e+00 3.944314728e-01 1.000000000e+00 1 1.414207419e+00 6.972157364e-01 4.457778848e-09
CREM_REACH 1.709264437e+00 2.291011741e+00 1.799999988e+02 1.708713555e+03 9.332607348e-19 8.885356178e-01 -3.241851232e-12 3.227601032e-01 3.922841493e-01 1.000000000e+00 35 9.101280754e-01 3.038579253e-01 4.530820599e-09
CREM_REACH 3.872991704e+00 4.364381959e-01 1.800000000e+02 1.182998436e+04 6.461015208e-18 0.000000000e+00 2.622791288e-01 1.000000000e+00 3.923327894e-01 1.000000000e+00 1 6.961663947e-01 6.961663947e-01 4.563475795e-09
END idx 28 para  stop=closed photons=4 nE=2.8269 L=0.3038 e=0.51213 rp/eps=3.4572e+01 n/psi0=3.0750e-01 ET=5.087058e-09 S=0.997774 Gf=1.941311e+09 check=5.139691e-10
BEGIN 28 2
CREM_REACH 2.000000832e+00 4.108045370e-01 0.000000000e+00 4.988877380e+02 2.724840458e-19 2.798528924e-01 7.569353176e-01 1.000000000e+00 1.000000000e+00 1.000000000e+00 1 2.000000000e+00 1.697229634e+00 3.890766825e-09
CREM_REACH 2.414221120e+00 4.345313824e-01 1.800000000e+02 1.411086916e+03 7.707081829e-19 7.570300882e-01 8.892428338e-01 1.000000000e+00 3.941835115e-01 1.000000000e+00 1 1.414209331e+00 6.970917557e-01 4.457727547e-09
CREM_REACH 1.508640235e+00 2.860458238e+00 1.799999988e+02 1.225454731e+03 6.693167633e-19 9.189891683e-01 6.189715407e-12 2.314766991e-01 4.819267878e-01 1.000000000e+00 57 9.101010091e-01 2.590366061e-01 4.542926753e-09
CREM_REACH 3.699053597e+00 3.495259744e-01 1.799999991e+02 9.809522837e+03 5.357573060e-18 0.000000000e+00 5.480923776e-01 1.000000000e+00 4.820018569e-01 1.000000000e+00 1 7.410008154e-01 7.410009285e-01 4.583547201e-09
END idx 28 ortho stop=closed photons=4 nE=2.5955 L=0.2590 e=0.74033 rp/eps=2.1828e+01 n/psi0=9.4923e-01 ET=1.506737e-07 S=0.999996 Gf=6.845058e+06 check=1.460902e-07
