BEGIN 30 1
CREM_REACH 2.000000264e+00 2.973089340e-01 0.000000000e+00 4.988878843e+02 2.724841257e-19 4.936958130e-01 9.104928990e-01 1.000000000e+00 1.000000000e+00 1.000000000e+00 1 1.999999139e+00 1.423100490e+00 2.991533950e-09
CREM_REACH 6.000246175e+00 1.365965370e+00 1.800000000e+02 4.989145172e+03 2.724941374e-18 9.106794163e-01 2.226774320e-12 3.535516017e+00 1.546790900e-01 1.000000000e+00 67 1.414216305e+00 4.226604550e-01 3.079543121e-09
CREM_REACH 1.865002439e+00 7.323859915e-01 1.800000000e+02 5.178702896e+03 2.828424016e-18 3.671071836e-04 1.779354442e-12 2.496943607e-01 1.544771257e-01 1.000000000e+00 1 5.773445462e-01 5.772385628e-01 3.091606137e-09
END idx 30 para  stop=closed photons=3 nE=2.3654 L=0.4228 e=0.00000 rp/eps=1.0121e+02 n/psi0=1.2821e-02 ET=1.281402e-08 S=0.999521 Gf=1.028055e+08 check=9.722443e-09
BEGIN 30 2
CREM_REACH 2.000000832e+00 2.972467541e-01 0.000000000e+00 4.988877381e+02 2.724840459e-19 4.937858410e-01 9.105462181e-01 1.000000000e+00 1.000000000e+00 1.000000000e+00 1 2.000000000e+00 1.422974573e+00 2.918075727e-09
CREM_REACH 5.804428287e+00 1.421249258e+00 1.799999991e+02 4.793878891e+03 2.618293713e-18 9.147096202e-01 1.549538275e-12 3.397188862e+00 1.739801288e-01 1.000000000e+00 71 1.414198835e+00 4.130099356e-01 3.079229634e-09
CREM_REACH 2.019987180e+00 7.035951544e-01 1.800000000e+02 5.907547973e+03 3.226487627e-18 0.000000000e+00 1.790567694e-12 2.994081953e-01 1.739878426e-01 1.000000000e+00 1 5.869900644e-01 5.869939213e-01 3.094313301e-09
END idx 30 ortho stop=closed photons=3 nE=2.4213 L=0.4130 e=0.00000 rp/eps=9.6595e+01 n/psi0=1.6192e-02 ET=8.567603e-06 S=0.999999 Gf=1.167609e+05 check=8.564508e-06
