BEGIN 32 1
CREM_REACH 2.000000926e+00 4.668200952e-01 0.000000000e+00 4.988879228e+02 2.724841468e-19 1.205876040e-01 6.167149627e-01 1.000000000e+00 1.000000000e+00 1.000000000e+00 1 1.999999724e+00 1.875539552e+00 4.863457054e-09
CREM_REACH 2.414224355e+00 1.421496555e-01 1.800000000e+02 1.411084931e+03 7.707070988e-19 6.167122206e-01 9.813020402e-01 1.000000000e+00 7.510840111e-01 1.000000000e+00 1 1.414211943e+00 8.755420055e-01 5.596004250e-09
END idx 32 para  stop=none photons=2 nE=nan L=nan e=0.00000 rp/eps=nan n/psi0=0.0000e+00 ET=nan S=1.000000 Gf=0.000000e+00 check=0.000000e+00
BEGIN 32 2
CREM_REACH 2.000000832e+00 4.668216572e-01 0.000000000e+00 4.988877380e+02 2.724840458e-19 1.205826943e-01 6.167102760e-01 1.000000000e+00 1.000000000e+00 1.000000000e+00 1 2.000000000e+00 1.875545047e+00 4.863457924e-09
CREM_REACH 2.414216092e+00 1.420473137e-01 1.800000000e+02 1.411071863e+03 7.706999617e-19 6.166448331e-01 9.813257352e-01 1.000000000e+00 7.512409302e-01 1.000000000e+00 1 1.414214360e+00 8.756204651e-01 5.647662041e-09
CREM_REACH 1.064009156e+00 7.518544797e+00 1.799999988e+02 1.541079178e+02 8.417069952e-20 9.833740278e-01 8.768985538e-12 2.913790845e-02 7.652181156e-01 1.000000000e+00 767 9.104184761e-01 1.173909422e-01 5.647667429e-09
CREM_REACH 3.265953258e+00 1.329972782e-01 1.799999991e+02 5.804749433e+03 3.170378051e-18 0.000000000e+00 9.422301849e-01 1.000000000e+00 7.652293069e-01 1.000000000e+00 1 8.826090578e-01 8.826146534e-01 5.735160679e-09
END idx 32 ortho stop=closed photons=4 nE=2.0476 L=0.1174 e=0.97069 rp/eps=3.9596e+00 n/psi0=1.3970e+02 ET=6.741848e-09 S=0.999573 Gf=1.007394e+09 check=9.922364e-10
