BEGIN 4 1
CREM_REACH 2.000002213e+00 3.262816882e-01 0.000000000e+00 4.988885416e+02 2.724844847e-19 4.492133504e-01 8.827266632e-01 1.000000000e+00 1.000000000e+00 1.000000000e+00 1 1.999999770e+00 1.484299866e+00 2.918074749e-09
CREM_REACH 2.414298036e+00 1.066077475e+00 1.800000000e+02 1.411140364e+03 7.707373751e-19 8.828688986e-01 6.786038702e-01 1.000000000e+00 3.198208962e-02 1.000000000e+00 1 1.414221006e+00 4.840089552e-01 3.371159632e-09
CREM_REACH 3.530788477e+00 9.394120818e-01 1.800000000e+02 6.096510691e+03 3.329727656e-18 6.790657874e-01 -1.273869898e-12 1.151728762e+00 3.124035307e-02 1.000000000e+00 9 9.101686969e-01 5.156201765e-01 3.407561614e-09
END idx  4 para  stop=closed photons=3 nE=2.0645 L=0.4844 e=0.00000 rp/eps=1.3287e+02 n/psi0=3.2889e-03 ET=4.649975e-08 S=0.999650 Gf=2.319795e+07 check=4.309217e-08
BEGIN 4 2
CREM_REACH 2.000000832e+00 3.262395130e-01 0.000000000e+00 4.988877380e+02 2.724840459e-19 4.492824296e-01 8.827717642e-01 1.000000000e+00 1.000000000e+00 1.000000000e+00 1 2.000000000e+00 1.484206954e+00 2.918075727e-09
CREM_REACH 2.414230837e+00 1.068928556e+00 1.800000000e+02 1.411116407e+03 7.707242904e-19 8.831879333e-01 6.777715670e-01 1.000000000e+00 3.331606410e-02 1.000000000e+00 1 1.414199411e+00 4.833419679e-01 3.371068364e-09
CREM_REACH 3.494871577e+00 9.487762400e-01 1.799999988e+02 6.010111700e+03 3.282540115e-18 6.821361218e-01 2.666200594e-12 1.135354949e+00 2.628509059e-02 1.000000000e+00 9 9.101593504e-01 5.131425453e-01 3.407780098e-09
END idx  4 ortho stop=closed photons=3 nE=2.0540 L=0.4869 e=0.00000 rp/eps=1.3423e+02 n/psi0=3.1253e-03 ET=4.437451e-05 S=1.000000 Gf=2.253718e+04 check=4.437110e-05
