BEGIN 43 1
CREM_REACH 4.000008919e+00 2.428617285e-01 0.000000000e+00 1.496670209e+03 8.174532374e-19 5.638960831e-01 8.971109611e-01 3.000000000e+00 1.000000000e+00 1.000000000e+00 3 1.999999131e+00 1.320762716e+00 2.431728890e-09
CREM_REACH 2.169606550e+00 2.113872158e+00 1.800000000e+02 2.334365658e+03 1.274976874e-18 8.968518176e-01 -2.143174527e-12 5.847583208e-01 3.577128737e-01 1.000000000e+00 60 9.999273145e-01 3.211435632e-01 2.567042502e-09
CREM_REACH 3.946111630e+00 4.730246481e-01 1.799999988e+02 1.275692829e+04 6.967244585e-18 1.075750600e-11 1.170483770e-01 1.000000000e+00 3.577505323e-01 1.000000000e+00 1 6.788752662e-01 6.788752662e-01 2.611952967e-09
END idx 43 para  stop=closed photons=3 nE=2.9261 L=0.3211 e=0.34212 rp/eps=4.3511e+01 n/psi0=1.9541e-01 ET=3.504635e-09 S=0.998396 Gf=1.118349e+09 check=8.927404e-10
BEGIN 43 2
CREM_REACH 4.000007488e+00 2.428526906e-01 0.000000000e+00 1.496668195e+03 8.174521375e-19 5.639068732e-01 8.971212011e-01 3.000000000e+00 1.000000000e+00 1.000000000e+00 3 2.000000000e+00 1.320746951e+00 2.431730178e-09
CREM_REACH 2.167546111e+00 2.117340884e+00 1.800000000e+02 2.330014773e+03 1.272600540e-18 8.970917748e-01 -2.413180766e-12 5.837582347e-01 3.584275590e-01 1.000000000e+00 60 9.999784956e-01 3.207862205e-01 2.567090175e-09
CREM_REACH 3.944624584e+00 4.722811864e-01 1.800000000e+02 1.273762110e+04 6.956700434e-18 1.003978567e-09 1.201533848e-01 1.000000000e+00 3.584361591e-01 1.000000000e+00 1 6.792180799e-01 6.792180796e-01 2.612141832e-09
END idx 43 ortho stop=closed photons=3 nE=2.9241 L=0.3208 e=0.34663 rp/eps=4.3273e+01 n/psi0=1.9725e-01 ET=1.995813e-07 S=0.999998 Gf=5.076925e+06 check=1.969692e-07
