BEGIN 45 1
CREM_REACH 3.000001347e+00 1.899675242e-01 1.800000000e+02 9.977785759e+02 5.449688779e-19 8.234487295e-01 9.808860246e-01 2.000000000e+00 6.807181367e-01 1.000000000e+00 2 1.999997567e+00 8.403590683e-01 1.003340454e-09
CREM_REACH 1.979862642e+00 4.564799718e+00 1.800000000e+02 1.467744188e+03 8.016517925e-19 9.757606213e-01 -3.592459663e-12 5.655031677e-01 6.405980266e-01 1.000000000e+00 238 1.154222988e+00 1.797009867e-01 1.003343353e-09
CREM_REACH 3.438164592e+00 2.190676616e-01 1.799999988e+02 7.230853303e+03 3.949248615e-18 0.000000000e+00 8.350002795e-01 1.000000000e+00 6.405980266e-01 2.785888615e+00 1 8.202990133e-01 8.202990133e-01 1.003343353e-09
END idx 45 para  stop=closed photons=3 nE=2.2604 L=0.1657 e=0.92725 rp/eps=8.0633e+00 n/psi0=1.7533e+01 ET=1.025822e-09 S=0.859166 Gf=1.147225e+11 check=7.489081e-12
BEGIN 45 2
CREM_REACH 3.000003328e+00 1.900613746e-01 1.800000000e+02 9.977771364e+02 5.449680917e-19 8.234770042e-01 9.808701855e-01 2.000000000e+00 6.805855922e-01 1.000000000e+00 2 2.000000000e+00 8.402927961e-01 9.726935301e-10
CREM_REACH 1.788816054e+00 6.322564409e+00 1.800000000e+02 1.180359586e+03 6.446888343e-19 9.860154727e-01 7.455702722e-12 4.554671727e-01 7.268716411e-01 1.000000000e+00 238 1.154816296e+00 1.365641794e-01 1.003175705e-09
CREM_REACH 3.316351192e+00 1.581636714e-01 1.800000000e+02 6.200318881e+03 3.386420316e-18 0.000000000e+00 9.170389977e-01 1.000000000e+00 7.268716411e-01 1.000000000e+00 1 8.634358206e-01 8.634358206e-01 1.096683050e-09
END idx 45 ortho stop=closed photons=3 nE=2.1091 L=0.1366 e=0.95762 rp/eps=5.3950e+00 n/psi0=5.5060e+01 ET=2.199231e-09 S=0.999850 Gf=9.161341e+08 check=1.091379e-09
