BEGIN 46 1
CREM_REACH 2.000000882e+00 4.666501975e-01 0.000000000e+00 4.988879169e+02 2.724841436e-19 1.211477567e-01 6.172378716e-01 1.000000000e+00 1.000000000e+00 1.000000000e+00 1 1.999999691e+00 1.874942103e+00 4.863456721e-09
CREM_REACH 2.414217156e+00 1.429502756e-01 1.799999991e+02 1.411077044e+03 7.707027912e-19 6.172491986e-01 9.811173721e-01 1.000000000e+00 7.498574021e-01 1.000000000e+00 1 1.414212296e+00 8.749287011e-01 5.643792372e-09
CREM_REACH 1.053278957e+00 7.828546451e+00 1.800000000e+02 1.283788294e+02 7.011798539e-20 9.845084695e-01 -4.920952534e-12 2.424009893e-02 7.734621423e-01 1.000000000e+00 5 9.100465975e-01 1.132689289e-01 5.643796040e-09
CREM_REACH 3.255199251e+00 1.277246910e-01 1.799999988e+02 5.722071027e+03 3.125222731e-18 2.464575815e-04 9.469090801e-01 1.000000000e+00 7.734824961e-01 1.000000000e+00 1 8.868505403e-01 8.867412481e-01 5.733162015e-09
END idx 46 para  stop=closed photons=4 nE=2.0344 L=0.1133 e=0.97309 rp/eps=3.6816e+00 n/psi0=1.7333e+02 ET=5.709456e-09 S=0.604095 Gf=1.133428e+12 check=5.329803e-13
BEGIN 46 2
CREM_REACH 2.000000832e+00 4.666423164e-01 0.000000000e+00 4.988877380e+02 2.724840458e-19 1.211740004e-01 6.172622392e-01 1.000000000e+00 1.000000000e+00 1.000000000e+00 1 2.000000000e+00 1.874914398e+00 4.863457924e-09
CREM_REACH 2.414217525e+00 1.434033491e-01 1.800000000e+02 1.411076155e+03 7.707023054e-19 6.175528092e-01 9.810125579e-01 1.000000000e+00 7.491640212e-01 1.000000000e+00 1 1.414212926e+00 8.745820106e-01 5.592654090e-09
END idx 46 ortho stop=none photons=2 nE=nan L=nan e=0.00000 rp/eps=nan n/psi0=0.0000e+00 ET=nan S=1.000000 Gf=0.000000e+00 check=0.000000e+00
