paired para/ortho: 48 trajectories per channel, master seed 42, budget 1200 s, emission deterministic, level 1, floor off
Running 48 CREM collapse calibrations on 4 workers (per-event wall-clock budget 1200 s).
CREM calibrations: 10/48
CREM calibrations: 20/48
CREM calibrations: 30/48
CREM calibrations: 40/48
CREM calibrations: 48/48
Running 48 CREM collapse calibrations on 4 workers (per-event wall-clock budget 1200 s).
CREM calibrations: 10/48
CREM calibrations: 20/48
CREM calibrations: 30/48
CREM calibrations: 40/48
CREM calibrations: 48/48

 idx    t_para(ps)     t_ortho(ps)    ratio    photons para/ortho
   0     186.764303      186.758336 0.99996805        1 /     1
   1     186.763524      186.825842 1.00033367        1 /     1
   2     186.768545      186.7484890.999892614        1 /     1
   3     186.786474      186.795912 1.00005052        1 /     1
   4     186.786786      186.7454490.999778696        1 /     1
   5     186.736933      186.752138 1.00008143        1 /     1
   6     186.799863      186.723032  0.9995887        1 /     1
   7     186.744627      186.7414970.999983241        1 /     1
   8     186.746057       186.81111 1.00034835        1 /     1
   9     186.775828      186.741801 0.99981782        1 /     1
  10     186.822043      186.7448410.999586761        1 /     1
  11     186.726359      186.748188  1.0001169        1 /     1
  12     186.755176      186.7495550.999969903        1 /     1
  13      186.77432      186.7439290.999837286        1 /     1
  14     186.846355      186.751224 0.99949086        1 /     1
  15     186.792252      186.7506160.999777104        1 /     1
  16     186.842249      186.7436250.999472154        1 /     1
  17     186.791894      186.7512830.999782588        1 /     1
  18     186.794406      186.812968 1.00009937        1 /     1
  19      186.77624      186.878282 1.00054633        1 /     1
  20     186.897736      186.7506160.999212834        1 /     1
  21     186.756696      186.7393950.999907364        1 /     1
  22     186.747881      186.752443 1.00002443        1 /     1
  23     186.746361      186.744964 0.99999252        1 /     1
  24     186.803523       186.749290.999709679        1 /     1
  25     186.726009      186.812625 1.00046387        1 /     1
  26     186.769769      186.7506160.999897455        1 /     1
  27     186.748488      186.782506 1.00018216        1 /     1
  28     186.836226      186.7512290.999545069        1 /     1
  29     186.801551      186.7512410.999730672        1 /     1
  30     186.748185      186.756463 1.00004433        1 /     1
  31     186.781313      186.7506160.999835655        1 /     1
  32     186.747273      186.751694 1.00002368        1 /     1
  33     186.749402      186.7397010.999948056        1 /     1
  34     186.808628      186.7509420.999691206        1 /     1
  35     186.822881      186.867921 1.00024109        1 /     1
  36     186.877978      186.7506490.999318649        1 /     1
  37     186.743017      186.7424210.999996808        1 /     1
  38      186.78162      186.7514560.999838507        1 /     1
  39     186.818511      186.7629050.999702354        1 /     1
  40     186.748786      186.751843 1.00001637        1 /     1
  41     186.827831      186.7444720.999553817        1 /     1
  42     186.806546        186.74590.999675354        1 /     1
  43     186.763498      186.765243 1.00000934        1 /     1
  44     186.739994      186.882263 1.00076186        1 /     1
  45     186.766835      186.7427470.999871026        1 /     1
  46     186.835525      186.7290260.999429987        1 /     1
  47     186.763687      186.7411930.999879562        1 /     1

 branch diagnosis (both channels, every trajectory)
 idx ch  t(ps)         stop      peri/barrier  period/lightcross  a_term(m)      bind(eV)   revolutions   photons  E_emitted(J)
   0  p    186.764303   barrier 1.3680589e-08     3.46861093e+09 3.52783934e-11  20.4085902        614425        1 2.17986754e-18
   0  o    186.758336   barrier1.15329522e-09      1.1946458e+10 3.52784686e-11  20.4085467        614405        1 2.17986345e-18
   1  p    186.763524   barrier2.30279428e-08     2.67349831e+09 3.52783676e-11  20.4086051        614422        1  2.1798704e-18
   1  o    186.825842   barrier1.76749936e-07          965007511 3.52785414e-11  20.4085046        614626        1 2.17985727e-18
   2  p    186.768545   barrier4.14791239e-12     1.99201109e+11 3.52783131e-11  20.4086367        614439        1 2.17987312e-18
   2  o    186.748489   barrier4.69753143e-14     1.87185381e+12 3.52783259e-11  20.4086293        614373        1 2.17987223e-18
   3  p    186.786474   barrier2.69333687e-08     2.47207251e+09  3.5278317e-11  20.4086344        614498        1 2.17987202e-18
   3  o    186.795912   barrier5.10212627e-08     1.79610535e+09 3.52783667e-11  20.4086056        614529        1 2.17986939e-18
   4  p    186.786786   barrier2.32249558e-07          841835615 3.52782482e-11  20.4086742        614499        1 2.17987937e-18
   4  o    186.745449   barrier7.47066196e-11     4.69383088e+10  3.5278337e-11  20.4086228        614363        1 2.17987231e-18
   5  p    186.736933   barrier7.78295451e-08     1.45423394e+09  3.5278323e-11  20.4086309        614335        1 2.17987257e-18
   5  o    186.752138   barrier7.84004689e-12     1.44893104e+11 3.52783406e-11  20.4086208        614385        1 2.17987121e-18
   6  p    186.799863   barrier 5.0428641e-07          571303379 3.52783246e-11    20.40863        614542        1 2.17987332e-18
   6  o    186.723032   barrier3.02492581e-08     2.33265014e+09 3.52783402e-11   20.408621        614289        1 2.17986941e-18
   7  p    186.744627   barrier2.64395103e-10     2.49506438e+10 3.52784171e-11  20.4085765        614360        1 2.17986589e-18
   7  o    186.741497   barrier2.83614998e-13     7.61802109e+11 3.52783254e-11  20.4086295        614350        1 2.17987231e-18
   8  p    186.746057   barrier6.33042639e-30     1.61246491e+20 3.52783247e-11    20.40863        614365        1 2.17987231e-18
   8  o     186.81111   barrier1.09783014e-07     1.22444755e+09  3.5278394e-11  20.4085898        614579        1 2.17986913e-18
   9  p    186.775828   barrier1.71936861e-07          978408858 3.52782457e-11  20.4086756        614463        1 2.17988011e-18
   9  o    186.741801   barrier3.01780635e-12     2.33539913e+11 3.52783271e-11  20.4086285        614351        1 2.17987231e-18
  10  p    186.822043   barrier9.24874159e-08     1.33402767e+09 3.52783059e-11  20.4086408        614615        1 2.17987408e-18
  10  o    186.744841    closed    365.004555     1.58162732e+09 3.52783402e-11   20.408621        614361        1 2.17987237e-18
  11  p    186.726359   barrier3.82334537e-09      6.5612284e+09 3.52783343e-11  20.4086244        614300        1 2.17987045e-18
  11  o    186.748188    closed    365.069064     9.59067584e+10 3.52783487e-11   20.408616        614372        1 2.17987064e-18
  12  p    186.755176   barrier2.01539443e-09     9.03703911e+09 3.52782944e-11  20.4086475        614395        1 2.17987456e-18
  12  o    186.749555   barrier3.76313258e-10     2.09138515e+10 3.52784344e-11  20.4085665        614376        1 2.17986469e-18
  13  p     186.77432   barrier2.98188717e-11     7.42951693e+10 3.52782936e-11  20.4086479        614458        1 2.17987447e-18
  13  o    186.743929   barrier3.94525887e-15      6.4590553e+12 3.52783248e-11  20.4086299        614358        1 2.17987231e-18
  14  p    186.846355   barrier2.68022551e-07          783645690 3.52782902e-11  20.4086499        614695        1 2.17987665e-18
  14  o    186.751224   barrier1.14301083e-29     1.20000093e+20 3.52783247e-11    20.40863        614382        1 2.17987231e-18
  15  p    186.792252   barrier6.31071515e-07          510699995 3.52783262e-11  20.4086291        614517        1 2.17987218e-18
  15  o    186.750616   barrier7.38028009e-08     1.49337984e+09  3.5278331e-11  20.4086263        614380        1 2.17987237e-18
  16  p    186.842249   barrier 1.2747393e-08     3.59330797e+09 3.52782383e-11  20.4086799        614682        1 2.17987782e-18
  16  o    186.743625   barrier1.83847927e-11     9.46188134e+10 3.52783308e-11  20.4086264        614357        1 2.17987231e-18
  17  p    186.791894   barrier 3.2060535e-09      7.1650764e+09 3.52782956e-11  20.4086468        614516        1 2.17987433e-18
  17  o    186.751283   barrier2.70191456e-10     2.46815591e+10 3.52784136e-11  20.4085785        614382        1 2.17986623e-18
  18  p    186.794406   barrier1.55584081e-09     1.02855366e+10 3.52784754e-11  20.4085428        614524        1 2.17986002e-18
  18  o    186.812968   barrier8.50074901e-10     1.39149424e+10 3.52785012e-11  20.4085278        614583        1 2.17985979e-18
  19  p     186.77624   barrier9.85725761e-10     1.29220672e+10 3.52785032e-11  20.4085267        614464        1  2.1798599e-18
  19  o    186.878282   barrier1.64468804e-08     3.16347895e+09 3.52783247e-11    20.40863        614800        1 2.17987231e-18
  20  p    186.897736   barrier3.56311809e-08     2.14927288e+09 3.52783247e-11    20.40863        614864        1 2.17987231e-18
  20  o    186.750616    closed    365.011023     4.20547883e+10 3.52783262e-11  20.4086291        614380        1 2.17987234e-18
  21  p    186.756696   barrier 1.1584969e-11     1.19195375e+11 3.52783295e-11  20.4086272        614400        1 2.17987231e-18
  21  o    186.739395    closed    365.024479     4.95759185e+10 3.52783712e-11   20.408603        614343        1 2.17986908e-18
  22  p    186.747881   barrier1.16057817e-29     1.19088426e+20 3.52783247e-11    20.40863        614371        1 2.17987231e-18
  22  o    186.752443   barrier1.38856852e-12     3.44289027e+11 3.52783293e-11  20.4086273        614386        1 2.17987204e-18
  23  p    186.746361   barrier8.15742075e-10     1.42046425e+10  3.5278324e-11  20.4086304        614366        1 2.17987237e-18
  23  o    186.744964   barrier4.34005939e-10     1.94742663e+10 3.52784431e-11  20.4085614        614361        1 2.17986408e-18
  24  p    186.803523   barrier 2.8075049e-09     7.65682834e+09 3.52784561e-11   20.408554        614554        1 2.17986318e-18
  24  o     186.74929   barrier3.10296725e-10     2.30313773e+10 3.52784197e-11   20.408575        614375        1 2.17986583e-18
  25  p    186.726009   barrier1.85993112e-07          940715052 3.52783372e-11  20.4086227        614299        1 2.17987115e-18
  25  o    186.812625   barrier1.04423422e-11     1.25547392e+11 3.52783194e-11   20.408633        614584        1 2.17987237e-18
  26  p    186.769769   barrier1.36485348e-09     1.09816369e+10 3.52785058e-11  20.4085252        614442        1 2.17985949e-18
  26  o    186.750616   barrier1.16057817e-29     1.19088426e+20 3.52783247e-11    20.40863        614380        1 2.17987231e-18
  27  p    186.748488   barrier1.21333172e-29     1.16470778e+20 3.52783247e-11    20.40863        614373        1 2.17987231e-18
  27  o    186.782506   barrier1.94513454e-10     2.90895561e+10 3.52786043e-11  20.4084682        614483        1 2.17985289e-18
  28  p    186.836226   barrier6.66710047e-07          496864932 3.52784225e-11  20.4085734        614661        1 2.17986577e-18
  28  o    186.751229    closed    365.013302     6.99113019e+10 3.52783577e-11  20.4086109        614382        1 2.17987002e-18
  29  p    186.801551   barrier 2.5265162e-08      2.5523751e+09 3.52782624e-11   20.408666        614548        1 2.17987664e-18
  29  o    186.751241   barrier7.34936992e-10     1.49652696e+10 3.52784788e-11  20.4085408        614381        1  2.1798616e-18
  30  p    186.748185   barrier6.17514696e-08     1.63261183e+09 3.52783246e-11    20.40863        614372        1 2.17987237e-18
  30  o    186.756463   barrier1.01950913e-09     1.27061665e+10 3.52785062e-11  20.4085249        614398        1 2.17985969e-18
  31  p    186.781313   barrier1.79050161e-07          958776252 3.52782341e-11  20.4086824        614481        1  2.1798807e-18
  31  o    186.750616   barrier1.20985103e-20      3.6884237e+15 3.52783247e-11    20.40863        614380        1 2.17987231e-18
  32  p    186.747273   barrier1.92577186e-14     2.92350835e+12 3.52783249e-11  20.4086298        614369        1 2.17987231e-18
  32  o    186.751694    closed    365.013601     3.27039069e+10 3.52784013e-11  20.4085856        614383        1 2.17986708e-18
  33  p    186.749402   barrier4.21216374e-11     6.25107098e+10 3.52783409e-11  20.4086206        614376        1 2.17987166e-18
  33  o    186.739701   barrier2.27617843e-11     8.50362395e+10 3.52783488e-11   20.408616        614344        1 2.17987071e-18
  34  p    186.808628   barrier1.24266251e-09      1.1508901e+10 3.52785251e-11   20.408514        614570        1 2.17985838e-18
  34  o    186.750942    closed    365.075346     8.00640384e+10 3.52783472e-11  20.4086169        614381        1 2.17987089e-18
  35  p    186.822881   barrier1.86128603e-07          940371064 3.52782991e-11  20.4086447        614618        1 2.17987497e-18
  35  o    186.867921   barrier3.19246388e-07          718039121 3.52786036e-11  20.4084686        614764        1 2.17985288e-18
  36  p    186.877978   barrier2.27928401e-08     2.68724632e+09 3.52783247e-11    20.40863        614799        1 2.17987231e-18
  36  o    186.750649    closed    365.217153     1.48531111e+11 3.52783402e-11   20.408621        614380        1 2.17987123e-18
  37  p    186.743017   barrier2.60989997e-07          794134616 3.52783215e-11  20.4086318        614355        1 2.17987237e-18
  37  o    186.742421   barrier1.75984985e-12     3.05822254e+11 3.52783322e-11  20.4086256        614353        1 2.17987179e-18
  38  p     186.78162   barrier5.82581044e-10     1.68083872e+10 3.52781874e-11  20.4087094        614482        1 2.17988185e-18
  38  o    186.751456   barrier4.18158051e-10       1.983986e+10 3.52784374e-11  20.4085647        614382        1 2.17986456e-18
  39  p    186.818511   barrier1.52116361e-08     3.28943512e+09 3.52784639e-11  20.4085494        614603        1 2.17986263e-18
  39  o    186.762905   barrier  1.119598e-11     1.21248528e+11 3.52783669e-11  20.4086056        614420        1 2.17986796e-18
  40  p    186.748786   barrier2.42545806e-09     8.23776697e+09 3.52783052e-11  20.4086412        614374        1 2.17987384e-18
  40  o    186.751843    closed    366.725903     4.55316756e+11 3.52783297e-11   20.408627        614384        1 2.17987196e-18
  41  p    186.827831   barrier5.85257147e-07          530314491 3.52784116e-11  20.4085797        614634        1 2.17986799e-18
  41  o    186.744472   barrier4.55680147e-10     1.90054803e+10 3.52784411e-11  20.4085626        614359        1 2.17986433e-18
  42  p    186.806546   barrier4.49315255e-08     1.91395069e+09 3.52783079e-11  20.4086397        614564        1 2.17987244e-18
  42  o      186.7459   barrier1.05632818e-09     1.24827559e+10 3.52784958e-11   20.408531        614364        1 2.17986073e-18
  43  p    186.763498   barrier1.87842503e-11     9.36072237e+10    3.52783e-11  20.4086442        614422        1 2.17987403e-18
  43  o    186.765243    closed    365.474183     2.12893428e+11  3.5278351e-11  20.4086147        614428        1 2.17987048e-18
  44  p    186.739994   barrier3.79615116e-09     6.58468727e+09 3.52783333e-11   20.408625        614345        1 2.17987177e-18
  44  o    186.882263   barrier7.88465838e-11     4.56894543e+10 3.52783603e-11  20.4086093        614813        1 2.17987018e-18
  45  p    186.766835   barrier2.30710472e-13     8.44644188e+11 3.52783625e-11  20.4086081        614433        1 2.17986874e-18
  45  o    186.742747   barrier3.41081783e-11     6.94669186e+10 3.52783541e-11  20.4086129        614354        1 2.17987035e-18
  46  p    186.835525   barrier5.72641262e-07          536123705 3.52783813e-11  20.4085972        614659        1 2.17986891e-18
  46  o    186.729026   barrier2.15203203e-11     8.74544475e+10 3.52782983e-11  20.4086452        614309        1 2.17987415e-18
  47  p    186.763687   barrier1.96445156e-19     9.15347693e+14 3.52783247e-11    20.40863        614423        1 2.17987231e-18
  47  o    186.741193   barrier2.70693014e-19     7.79773065e+14 3.52783247e-11    20.40863        614349        1 2.17987231e-18

complete pairs:        48 / 48
mean t_para:           186.7825 ps
mean t_ortho:          186.763135 ps
DIFFERENCE ortho-para: -0.0193642002 +/- 0.00825286557 ps   (2.34636079 sigma)
GEOMETRIC RATIO:       0.99989633,  95% CI [0.999809749, 0.999982919]
SIGN TEST:             ortho longer in 16 of 48,  exact p = 0.0293049467
PHOTON COUNT DIFFERS:  0 of 48  (0%)
