paired para/ortho: 48 trajectories per channel, master seed 42, budget 1200 s, emission deterministic, level 1, floor off
Running 48 CREM collapse calibrations on 4 workers (per-event wall-clock budget 1200 s).
CREM calibrations: 10/48
CREM calibrations: 20/48
CREM calibrations: 30/48
CREM calibrations: 40/48
CREM calibrations: 48/48
Running 48 CREM collapse calibrations on 4 workers (per-event wall-clock budget 1200 s).
CREM calibrations: 10/48
CREM calibrations: 20/48
CREM calibrations: 30/48
CREM calibrations: 40/48
CREM calibrations: 48/48

 idx    t_para(ps)     t_ortho(ps)    ratio    photons para/ortho
   0     186.761584       186.744930.999910828        1 /     1
   1     186.751417      186.779126 1.00014837        1 /     1
   2     186.744538       186.691880.999718022        1 /     1
   3     186.735845      186.752689  1.0000902        1 /     1
   4     186.733407      186.7115060.999882713        1 /     1
   5     186.741393      186.7357640.999969859        1 /     1
   6     186.753344      186.7302240.999876202        1 /     1
   7     186.743571      186.6842640.999682414        1 /     1
   8     186.727487      186.733562 1.00003253        1 /     1
   9     186.718792      186.7013540.999906608        1 /     1
  10     186.735019       186.693340.999776797        1 /     1
  11     186.738909      186.7169430.999882372        1 /     1
  12     186.741534      186.747353 1.00003116        1 /     1
  13     186.719575      186.6451070.999601174        1 /     1
  14     186.756816       186.730050.999856677        1 /     1
  15     186.726495      186.729906 1.00001826        1 /     1
  16     186.722777      186.6721560.999728896        1 /     1
  17     186.734412      186.7292360.999972278        1 /     1
  18     186.773451      186.813071 1.00021213        1 /     1
  19     186.766502      186.7575080.999951843        1 /     1
  20     186.854075      186.7350950.999363245        1 /     1
  21     186.747638      186.713981 0.99981977        1 /     1
  22     186.740987      186.7409570.999999835        1 /     1
  23     186.740736      186.7105690.999838455        1 /     1
  24     186.777138      186.7161620.999673536        1 /     1
  25     186.736196      186.7164120.999894053        1 /     1
  26     186.767976      186.7487350.999896983        1 /     1
  27     186.740546      186.762153  1.0001157        1 /     1
  28     186.730575      186.7171210.999927946        1 /     1
  29     186.737798      186.749708 1.00006378        1 /     1
  30     186.738759      186.751606  1.0000688        1 /     1
  31     186.736764      186.7071270.999841289        1 /     1
  32     186.740071      186.7265160.999927413        1 /     1
  33     186.746636      186.6769530.999626861        1 /     1
  34     186.808682      186.7135210.999490595        1 /     1
  35     186.730799       186.85463 1.00066315        1 /     1
  36     186.776168      186.7054310.999621273        1 /     1
  37     186.726128      186.6728650.999714754        1 /     1
  38      186.73069       186.74913 1.00009876        1 /     1
  39     186.782701      186.7573180.999864104        1 /     1
  40     186.741962      186.741962          1        1 /     1
  41     186.780378      186.7109120.999628091        1 /     1
  42     186.728749      186.727143  0.9999914        1 /     1
  43     186.740228      186.755345 1.00008095        1 /     1
  44     186.739464      186.875219 1.00072698        1 /     1
  45     186.754932      186.6754110.999574193        1 /     1
  46     186.731682      186.7221750.999949088        1 /     1
  47     186.748055       186.662790.999543423        1 /     1

 branch diagnosis (both channels, every trajectory)
 idx ch  t(ps)         stop      peri/barrier  period/lightcross  a_term(m)      bind(eV)   revolutions   photons  E_emitted(J)
   0  p    186.761584   barrier1.20759852e-07     1.16756339e+09 3.52802373e-11  20.4075236        614404        1 2.17969666e-18
   0  o     186.74493   barrier2.40198244e-07          827804986 3.52786904e-11  20.4084184        614360        1 2.17984289e-18
   1  p    186.751417   barrier6.68490498e-08      1.5692341e+09  3.5279883e-11  20.4077285        614375        1 2.17972947e-18
   1  o    186.779126   barrier5.13484628e-07          566238338 3.52814348e-11  20.4068309        614450        1 2.17958911e-18
   2  p    186.744538   barrier1.48910901e-07     1.05140285e+09  3.5279732e-11  20.4078159        614342        1 2.17974188e-18
   2  o     186.69188    closed    365.221781         80016301.7 3.52993338e-11  20.3964833        613992        1 2.17792627e-18
   3  p    186.735845   barrier2.60332993e-07          795206996  3.5280421e-11  20.4074173        614291        1 2.17967814e-18
   3  o    186.752689   barrier8.03793796e-07          452607035 3.52831333e-11  20.4058485        614350        1 2.17942765e-18
   4  p    186.733407   barrier4.61369707e-07          597373165 3.52818267e-11  20.4066042        614275        1 2.17954776e-18
   4  o    186.711506   barrier5.74032347e-06          169394967 3.52877737e-11  20.4031651        614137        1  2.1789979e-18
   5  p    186.741393   barrier2.50138077e-07          811256114 3.52805872e-11  20.4073212        614329        1 2.17966262e-18
   5  o    186.735764   barrier  2.139995e-06          277402642 3.52844951e-11   20.405061        614275        1 2.17930087e-18
   6  p    186.753344   barrier1.08970398e-07     1.22910778e+09 3.52803701e-11  20.4074467        614356        1 2.17968364e-18
   6  o    186.730224   barrier2.02697168e-06          285027966 3.52842481e-11  20.4052038        614266        1 2.17932459e-18
   7  p    186.743571   barrier2.39481415e-07          829084023 3.52798578e-11  20.4077431        614345        1 2.17973236e-18
   7  o    186.684264    closed    365.200777         85646955.7 3.52973034e-11  20.3976566        613967        1 2.17811427e-18
   8  p    186.727487    closed    365.081622          218871081  3.5285785e-11   20.404315        614239        1 2.17918099e-18
   8  o    186.733562   barrier1.87083801e-07          938009351 3.52793519e-11  20.4080357        614292        1 2.17978034e-18
   9  p    186.718792   barrier8.27621934e-07          446030585 3.52824358e-11  20.4062519        614198        1  2.1794918e-18
   9  o    186.701354    closed    365.130679          126360202 3.52905271e-11  20.4015732        614082        1 2.17874193e-18
  10  p    186.735019   barrier1.17788273e-07     1.18217668e+09 3.52797853e-11   20.407785        614294        1 2.17973695e-18
  10  o     186.69334    closed    365.203761         90313801.5 3.52975917e-11    20.39749        614016        1 2.17808752e-18
  11  p    186.738909   barrier2.46116397e-07          817830592 3.52798122e-11  20.4077694        614336        1 2.17973534e-18
  11  o    186.716943    closed    365.115357          146531931 3.52890461e-11  20.4024295        614162        1 2.17887946e-18
  12  p    186.741534   barrier1.55232814e-07     1.02979053e+09 3.52801826e-11  20.4075552        614325        1 2.17970012e-18
  12  o    186.747353   barrier7.54166301e-08     1.47738756e+09 3.52794855e-11  20.4079584        614361        1 2.17976728e-18
  13  p    186.719575   barrier 3.2616731e-06          224694048 3.52844133e-11  20.4051083        614201        1 2.17930809e-18
  13  o    186.645107    closed    365.389704         45963814.3 3.53155689e-11  20.3871068        613694        1 2.17642397e-18
  14  p    186.756816   barrier3.49168408e-08     2.17124334e+09 3.52793702e-11  20.4080251        614363        1 2.17977655e-18
  14  o     186.73005    closed    365.086449          215095510 3.52862516e-11  20.4040452        614240        1 2.17913776e-18
  15  p    186.726495   barrier2.30633808e-07          844858911 3.52804649e-11  20.4073919        614245        1 2.17967402e-18
  15  o    186.729906    closed    365.076268          265614430 3.52852674e-11  20.4046144        614245        1 2.17922895e-18
  16  p    186.722777   barrier 2.0009242e-06          286878602 3.52843569e-11  20.4051409        614223        1 2.17931331e-18
  16  o    186.672156    closed    365.273819         64067286.2 3.53043648e-11  20.3935767        613877        1 2.17746111e-18
  17  p    186.734412   barrier4.20944477e-07          625386107 3.52812989e-11  20.4069095        614299        1 2.17959667e-18
  17  o    186.729236    closed    365.090946          201428693 3.52866863e-11  20.4037939        614234        1 2.17909966e-18
  18  p    186.773451   barrier6.93626934e-08     1.54050891e+09 3.52794412e-11  20.4079841        614444        1 2.17977295e-18
  18  o    186.813071   barrier 1.6079922e-07     1.01176074e+09  3.5279051e-11  20.4082098        614583        1 2.17980919e-18
  19  p    186.766502   barrier5.79954887e-08     1.68471382e+09 3.52792258e-11  20.4081087        614424        1 2.17979293e-18
  19  o    186.757508   barrier2.22678036e-06          271950764 3.52852128e-11  20.4046459        614337        1 2.17923401e-18
  20  p    186.854075   barrier1.62805166e-07     1.00558459e+09 3.52808345e-11  20.4071781        614696        1 2.17963971e-18
  20  o    186.735095   barrier1.26614682e-06          360622703 3.52832574e-11  20.4057767        614278        1 2.17941518e-18
  21  p    186.747638   barrier2.92664165e-08     2.37155843e+09 3.52789702e-11  20.4082565        614362        1 2.17981293e-18
  21  o    186.713981   barrier5.08022528e-06          180069775 3.52884053e-11     20.4028        614175        1 2.17893934e-18
  22  p    186.740987   barrier6.07516304e-07          520566277 3.52810135e-11  20.4070746        614324        1 2.17962311e-18
  22  o    186.740957   barrier1.04202724e-06          397507223 3.52826348e-11  20.4061369        614309        1 2.17947303e-18
  23  p    186.740736   barrier2.19167405e-07          866676003 3.52804137e-11  20.4074215        614329        1  2.1796787e-18
  23  o    186.710569   barrier1.07133454e-05          124018681 3.52926761e-11   20.400331        614132        1 2.17854543e-18
  24  p    186.777138   barrier 7.0631319e-07          482812942 3.52822501e-11  20.4063593        614455        1 2.17951156e-18
  24  o    186.716162    closed    365.132307          138272526 3.52906844e-11  20.4014823        614153        1 2.17872948e-18
  25  p    186.736196   barrier1.76423133e-07          965965480 3.52801149e-11  20.4075944        614317        1  2.1797068e-18
  25  o    186.716412   barrier3.99910339e-06          202929357 3.52852676e-11  20.4046142        614168        1 2.17922893e-18
  26  p    186.767976   barrier 7.9435597e-08      1.4395569e+09 3.52799423e-11  20.4076942        614433        1 2.17972668e-18
  26  o    186.748735   barrier3.57593373e-08     2.14549032e+09  3.5279116e-11  20.4081722        614367        1 2.17979896e-18
  27  p    186.740546   barrier5.48306731e-07          547958526 3.52812485e-11  20.4069386        614320        1 2.17960134e-18
  27  o    186.762153   barrier3.27360044e-08     2.24237194e+09 3.52790727e-11  20.4081972        614409        1 2.17980948e-18
  28  p    186.730575   barrier2.03125563e-07          900243393 3.52802739e-11  20.4075024        614278        1 2.17969418e-18
  28  o    186.717121    closed    365.138049          133470241 3.52912394e-11  20.4011615        614153        1 2.17867651e-18
  29  p    186.737798   barrier5.23998425e-07          560542824 3.52820234e-11  20.4064905        614302        1 2.17952953e-18
  29  o    186.749708    closed    365.012637     2.11416344e+09  3.5279128e-11  20.4081652        614371        1 2.17980143e-18
  30  p    186.738759   barrier4.16302541e-07          628878226 3.52818677e-11  20.4065805        614314        1 2.17954396e-18
  30  o    186.751606   barrier4.49255524e-08     1.91415072e+09 3.52792015e-11  20.4081227        614379        1 2.17979526e-18
  31  p    186.736764   barrier4.61942142e-07          597002775   3.528182e-11  20.4066081        614297        1 2.17954838e-18
  31  o    186.707127    closed    365.174945          104314654  3.5294806e-11  20.3990999        614087        1 2.17834545e-18
  32  p    186.740071   barrier2.55144357e-07          803249402  3.5280345e-11  20.4074613        614322        1 2.17968509e-18
  32  o    186.726516    closed    365.104972          179512205 3.52880422e-11  20.4030099        614215        1 2.17897374e-18
  33  p    186.746636   barrier4.35748114e-08     1.94359179e+09 3.52792006e-11  20.4081233        614357        1 2.17979199e-18
  33  o    186.676953   barrier3.40482928e-05         69588854.4 3.53023362e-11  20.3947486        613921        1 2.17764894e-18
  34  p    186.808682   barrier1.03403836e-07     1.26167422e+09 3.52788151e-11  20.4083463        614570        1 2.17983151e-18
  34  o    186.713521    closed    365.151096          119826277 3.52925007e-11  20.4004324        614129        1  2.1785596e-18
  35  p    186.730799   barrier6.90883225e-07          488166790 3.52818724e-11  20.4065778        614260        1 2.17954382e-18
  35  o     186.85463   barrier1.38004548e-07     1.09210616e+09 3.52786036e-11  20.4084686        614715        1 2.17985288e-18
  36  p    186.776168   barrier7.25025319e-07          476548080 3.52825637e-11   20.406178        614421        1 2.17947947e-18
  36  o    186.705431    closed      365.1839         99125017.5 3.52956717e-11  20.3985996        614075        1 2.17826565e-18
  37  p    186.726128   barrier1.30712617e-06          354941306 3.52843718e-11  20.4051323        614248        1 2.17931193e-18
  37  o    186.672865    closed    365.278288         63847636.6 3.53047967e-11  20.3933273        613885        1 2.17742076e-18
  38  p     186.73069   barrier2.03950776e-06          284138639 3.52832366e-11  20.4057888        614257        1 2.17941724e-18
  38  o     186.74913   barrier4.68080772e-08     1.87526946e+09 3.52792687e-11  20.4080839        614367        1 2.17978752e-18
  39  p    186.782701   barrier2.92595422e-07          750113531 3.52812882e-11  20.4069157        614483        1 2.17960089e-18
  39  o    186.757318   barrier7.77846664e-07          460062592 3.52815178e-11  20.4067829        614382        1 2.17957785e-18
  40  p    186.741962   barrier1.93167735e-07          923162176 3.52804396e-11  20.4074065        614330        1  2.1796763e-18
  40  o    186.741962   barrier8.04849121e-07          452290631 3.52820894e-11  20.4064523        614317        1 2.17952354e-18
  41  p    186.780378   barrier8.56892761e-08     1.38594135e+09  3.5278409e-11  20.4085812        614466        1  2.1798682e-18
  41  o    186.710912    closed    365.132353          129117984 3.52906889e-11  20.4014797        614135        1 2.17872954e-18
  42  p    186.728749   barrier5.03481208e-07          571833627 3.52813506e-11  20.4068796        614252        1 2.17959188e-18
  42  o    186.727143    closed    365.089263          200088332 3.52865237e-11  20.4038879        614236        1 2.17911685e-18
  43  p    186.740228   barrier1.60685582e-06          320121394 3.52837355e-11  20.4055003        614319        1 2.17937234e-18
  43  o    186.755345   barrier9.09813082e-09     4.25342511e+09 3.52787657e-11  20.4083748        614391        1 2.17983205e-18
  44  p    186.739464   barrier6.30917852e-08     1.61525481e+09 3.52794541e-11  20.4079766        614335        1 2.17976793e-18
  44  o    186.875219   barrier 1.0703162e-07     1.24010895e+09 3.52788332e-11  20.4083358        614786        1 2.17982635e-18
  45  p    186.754932   barrier1.23102717e-06          365705244 3.52816356e-11  20.4067148        614356        1 2.17956667e-18
  45  o    186.675411    closed    365.270138         65161364.3 3.53040089e-11  20.3937824        613901        1 2.17749427e-18
  46  p    186.731682   barrier3.95304998e-07          645341335 3.52810257e-11  20.4070675        614277        1 2.17962382e-18
  46  o    186.722175   barrier4.08578291e-06          200771243   3.528598e-11  20.4042023        614224        1 2.17916293e-18
  47  p    186.748055   barrier2.57613248e-08     2.52774487e+09 3.52789011e-11  20.4082965        614364        1 2.17981889e-18
  47  o     186.66279   barrier4.62241931e-05         59734460.9 3.53073877e-11  20.3918307        613824        1 2.17718082e-18

complete pairs:        48 / 48
mean t_para:           186.74757 ps
mean t_ortho:          186.729102 ps
DIFFERENCE ortho-para: -0.0184680846 +/- 0.0067680018 ps   (2.72873518 sigma)
GEOMETRIC RATIO:       0.999901089,  95% CI [0.999830072, 0.999972112]
SIGN TEST:             ortho longer in 14 of 48,  exact p = 0.00551520149
PHOTON COUNT DIFFERS:  0 of 48  (0%)
