paired para/ortho: 48 trajectories per channel, master seed 42, budget 1200 s, emission deterministic, level 1, floor off
Running 48 CREM collapse calibrations on 4 workers (per-event wall-clock budget 1200 s).
CREM calibrations: 10/48
CREM calibrations: 20/48
CREM calibrations: 30/48
CREM calibrations: 40/48
CREM calibrations: 48/48
Running 48 CREM collapse calibrations on 4 workers (per-event wall-clock budget 1200 s).
CREM calibrations: 10/48
CREM calibrations: 20/48
CREM calibrations: 30/48
CREM calibrations: 40/48
CREM calibrations: 48/48

 idx    t_para(ps)     t_ortho(ps)    ratio    photons para/ortho
   0     326.537303      326.527318 0.99996942        2 /     2
   1     336.599978      336.2542380.998972845        2 /     2
   2     186.744538       186.691880.999718022        1 /     1
   3     953.267177      953.327224 1.00006299        3 /     3
   4      990.62623      569.6831190.575073728        6 /     5
   5      1249.8294      638.9532620.511232382        7 /     5
   6     558.706825      559.176239 1.00084018        3 /     3
   7     305.314209      305.1907980.999595791        3 /     3
   8     186.727487      186.733562 1.00003253        1 /     1
   9     870.626425      863.0039970.991244892        4 /     4
  10     212.296036      193.0977150.909568161        1 /     1
  11     560.152606      559.8836480.999519849        1 /     1
  12     415.292504      414.5512960.998215215        4 /     4
  13     933.385994      1039.60589 1.11380061        5 /     6
  14     440.821261      440.2554260.998716408        2 /     2
  15      221.39301      221.3908950.999990448        2 /     2
  16     346.367886      346.379508 1.00003355        2 /     2
  17     560.163608      559.9726410.999659088        1 /     1
  18     186.773451      186.810332 1.00019746        1 /     1
  19      609.55033      609.4759190.999877924        2 /     2
  20     186.854075      186.7350950.999363245        1 /     1
  21     373.489605       373.340720.999601368        1 /     1
  22     649.583361      648.8516170.998873519        4 /     4
  23     462.913998      462.7923780.999737272        4 /     4
  24     588.508735      588.0926220.999292937        3 /     3
  25     876.608515      879.558448 1.00336517        6 /     5
  26     528.406207      528.2597460.999722824        4 /     4
  27     753.974946      590.1781090.782755598        3 /     3
  28     867.984906      868.143002 1.00018214        4 /     4
  29     328.932637       328.89611 0.99988895        2 /     2
  30     1363.45241      1363.17253 0.99979473        3 /     3
  31     487.506703      487.3336210.999644965        3 /     3
  32     276.860673      276.7501710.999600877        3 /     3
  33     186.746636      186.6766490.999625232        1 /     1
  34     373.535949      373.3083720.999390752        1 /     1
  35     682.630361      464.6321890.680649756        5 /     1
  36     758.414111      757.5651110.998880559        2 /     2
  37     186.726128      186.6728650.999714754        1 /     1
  38     321.194129      320.3927340.997504952        3 /     3
  39     373.509229      373.4686790.999891436        1 /     1
  40     327.750028      327.6002220.999542927        3 /     3
  41     1015.53747      1014.16764 0.99865113        2 /     2
  42     186.728749      186.7268390.999989772        1 /     1
  43     373.449827      373.501874 1.00013937        1 /     1
  44     422.906002      421.5529160.996800504        4 /     4
  45     979.263571      976.9432410.997630536        5 /     5
  46     570.964868      571.482435 1.00090648        5 /     5
  47      231.16584      231.214911 1.00021227        2 /     2

 branch diagnosis (both channels, every trajectory)
 idx ch  t(ps)         stop      peri/barrier  period/lightcross  a_term(m)      bind(eV)   revolutions   photons  E_emitted(J)
   0  p    326.537303    closed    37.6102062         1911.71263 3.02201477e-11  23.8245783       1161500        2 2.72716148e-18
   0  o    326.527318    closed    275.018497         1911.43163 3.02176719e-11  23.8265303       1161504        2 2.72747423e-18
   1  p    336.599978    closed    95.9647813         360.474869 1.85503318e-11  38.8123663       2417719        2 5.12844339e-18
   1  o    336.254238    closed    95.5578193         359.709577 1.84716502e-11  38.9776911       2408668        2 5.15493075e-18
   2  p    186.744538    closed    336.555123         3187.51536  3.5279732e-11  20.4078159        614342        1 2.17974188e-18
   2  o     186.69188    closed    28.4240983         3189.30464 3.52993335e-11  20.3964835        613992        1 2.17792627e-18
   3  p    953.267177    closed    150.875135          897.85356 1.82017002e-11  39.5557703       3693746        3 5.24753253e-18
   3  o    953.327224    closed    150.708232          895.85299   1.819022e-11  39.5807348       3694415        3 5.25153218e-18
   4  p     990.62623    closed    125.802959         412.728451 2.43181571e-11  29.6067778      18946871        6 3.65357596e-18
   4  o    569.683119    closed    136.904854         432.615832 2.62168999e-11  27.4625252       8550265        5 3.31002923e-18
   5  p     1249.8294    closed    131.925639         422.652629  2.5501693e-11  28.2327246      19660467        7 3.43343675e-18
   5  o    638.953262    closed    127.486197         415.480419 2.46435331e-11  29.2158706       4565747        5 3.59095358e-18
   6  p    558.706825    closed    131.842813         422.519931  2.5485682e-11  28.2504613       4538121        3 3.43626924e-18
   6  o    559.176239    closed    129.570053         420.995552 2.53021178e-11  28.4554154       4535895        3 3.46910621e-18
   7  p    305.314209    closed    99.6685936         367.365363 1.92662919e-11  37.3700492       1577037        3 4.89737159e-18
   7  o    305.190798    closed    99.2071128         366.513898  1.9177086e-11  37.5438831       1574421        3 4.92522233e-18
   8  p    186.727487    closed    18.9675197         4777.79992  3.5285785e-11   20.404315        614239        1 2.17918099e-18
   8  o    186.733562    closed    346.021576         4776.84527 3.52793173e-11  20.4080557        614292        1 2.17978031e-18
   9  p    870.626425    closed    131.534895         422.026247 2.54253631e-11  28.3174825       8669562        4 3.44700807e-18
   9  o    863.003997    closed    125.595771         412.388445 2.42753875e-11  29.6589405       8376909        4  3.6619329e-18
  10  p    212.296036    closed     306.88729         1560.74028 3.52797851e-11  20.4077851       1051157        1 2.17973695e-18
  10  o    193.097715    closed    57.0408515         1591.61793 3.52975917e-11    20.39749        723400        1 2.17808752e-18
  11  p    560.152606    closed    24.0913903         3763.46603 3.52852416e-11  20.4046293       1842587        1 2.17923134e-18
  11  o    559.883648    closed    341.222814         3766.46028 3.53111066e-11  20.3896831       1840740        1 2.17683673e-18
  12  p    415.292504    closed    135.156062         430.147743 2.64141824e-11  27.2574128       5794507        4 3.27716942e-18
  12  o    414.551296    closed    134.877841         427.355472 2.60723639e-11  27.6147678       5746045        4 3.33442392e-18
  13  p    933.385994    closed    135.546737         429.119767 2.62880828e-11  27.3881621      12434281        5 3.29812016e-18
  13  o    1039.60589    closed    124.085896         409.901847 2.39862077e-11  30.0165113      15627576        6 3.71922656e-18
  14  p    440.821261    closed    172.651163         725.095435 2.30907238e-11   31.180585       1956968        2 3.90570637e-18
  14  o    440.255426    closed    173.856789         732.324661 2.31814335e-11  31.0585743       1950673        2 3.88615851e-18
  15  p     221.39301    closed    135.091531         428.413582 2.62016316e-11  27.4785283       1088554        2 3.31259263e-18
  15  o    221.390895    closed     134.42129         428.024421 2.61540512e-11  27.5285181       1088108        2  3.3206018e-18
  16  p    346.367886    closed    106.156245         379.133183 2.05203779e-11  35.0862093       1729283        2 4.53144817e-18
  16  o    346.379508    closed    104.609633         379.048828 2.05112476e-11  35.1018274       1728382        2 4.53395039e-18
  17  p    560.163608    closed    319.879823         2008.68799 3.52831948e-11   20.405813       1842640        1 2.17942098e-18
  17  o    559.972641    closed    320.089382         2010.04689 3.53044386e-11  20.3935342       1841297        1 2.17745373e-18
  18  p    186.773451    closed    313.426783         1758.67519 3.52793968e-11  20.4080098        614444        1 2.17977295e-18
  18  o    186.810332    closed    51.5758299         1758.62533 3.52790739e-11  20.4081965        614576        1 2.17980287e-18
  19  p     609.55033    closed     104.18788         375.601767 2.01398859e-11  35.7490742       2538849        2 4.63766241e-18
  19  o    609.475919    closed    104.284585          375.77581 2.01585547e-11   35.715967       2539212        2 4.63235814e-18
  20  p    186.854075    closed    15.5019872         5833.22321 3.52808345e-11  20.4071781        614696        1 2.17963971e-18
  20  o    186.735095    closed    349.500775         5833.75416 3.52832574e-11  20.4057767        614278        1 2.17941518e-18
  21  p    373.489605    closed    10.5306725          8581.4587 3.52799033e-11  20.4077168       1228687        1 2.17972601e-18
  21  o     373.34072    closed    354.653401         8586.10903 3.53000666e-11  20.3960599       1227782        1  2.1778584e-18
  22  p    649.583361    closed    115.976051         396.249204 2.24149939e-11  32.1205652       3446617        4 4.05632273e-18
  22  o    648.851617    closed    111.745981          388.98689 2.16008936e-11  33.3311337       3419692        4 4.25027516e-18
  23  p    462.913998    closed     130.52991         420.410666 2.52318625e-11  28.5346463       2250897        4 3.48180675e-18
  23  o    462.792378    closed    130.153838         420.470139 2.52390019e-11  28.5265748       2249848        4 3.48051356e-18
  24  p    588.508735    closed    129.258179         421.398915  2.5350626e-11  28.4009663       2691794        3 3.46038144e-18
  24  o    588.092622    closed    129.009813         421.383477 2.53487686e-11  28.4030474       2687184        3 3.46071487e-18
  25  p    876.608515    closed    125.499418          414.04924 2.40499798e-11   29.936918       7068074        6 3.70646783e-18
  25  o    879.558448    closed    129.118102         418.792611 2.48795166e-11  28.9387566       7179778        5 3.54654529e-18
  26  p    528.406207    closed    126.982598         414.658988 2.45461856e-11  29.3317375       3868178        4 3.60950881e-18
  26  o    528.259746    closed    125.953146         416.003959 2.47056779e-11  29.1423808       3872413        4 3.57917079e-18
  27  p    753.974946    closed    116.838399         398.863199 2.27114379e-11  31.7013074      10728478        3 3.98915106e-18
  27  o    590.178109    closed    120.634136         406.890602 2.36350841e-11  30.4624376       7553383        3 3.79066244e-18
  28  p    867.984906    closed    129.305048         418.433467 2.49950887e-11  28.8049498       3273194        4 3.52509982e-18
  28  o    868.143002    closed    129.243883          418.33454 2.49832713e-11  28.8185749       3272748        4 3.52728276e-18
  29  p    328.932637    closed     301.23501         5104.23134 3.04955697e-11  23.6094056       1165263        2 2.69268744e-18
  29  o     328.89611    closed    301.184869         5102.92605 3.04907493e-11  23.6131381       1165197        2 2.69328545e-18
  30  p    1363.45241    closed     87.003709         343.232162 1.68181248e-11  42.8099019       5585528        3 5.76890809e-18
  30  o    1363.17253    closed    86.3438914         341.928188 1.66905798e-11   43.137044       5579195        3 5.82132072e-18
  31  p    487.506703    closed    84.8977663         339.052722 1.64110387e-11  43.8718285       2173535        3 5.93903917e-18
  31  o    487.333621    closed    84.6438337         338.545283 1.63619526e-11  44.0034445       2171029        3 5.96012578e-18
  32  p    276.860673    closed    121.767466         406.054775 2.35380822e-11  30.5879752       2290773        3 3.81077727e-18
  32  o    276.750171    closed    120.900055         404.605759 2.33703894e-11  30.8074573       2281529        3 3.84594187e-18
  33  p    186.746636    closed    54.6084674          1660.9515 3.52791914e-11  20.4081286        614357        1 2.17979199e-18
  33  o    186.676649    closed    54.6000109         1662.08123 3.53023295e-11  20.3947526        613920        1 2.17764894e-18
  34  p    373.535949    closed    39.2168373         2312.89962  3.5281078e-11  20.4070373       1228836        1 2.17961714e-18
  34  o    373.308372    closed    326.062569         2314.80704 3.53072305e-11  20.3919215       1227484        1 2.17719536e-18
  35  p    682.630361    closed    125.863174         416.504375 2.45271351e-11  29.3545198       6763785        5 3.61315883e-18
  35  o    464.632189    closed    58.0024716         1563.69562 3.52796518e-11  20.4078622       2784228        1 2.17974931e-18
  36  p    758.414111    closed    130.994727         424.354603   2.567989e-11   28.036813       2653917        2 3.40203742e-18
  36  o    757.565111    closed    130.568518         423.989534 2.56632786e-11  28.0549608       2648309        2 3.40494503e-18
  37  p    186.726128    closed    48.2840074          1879.1169 3.52843718e-11  20.4051323        614248        1 2.17931193e-18
  37  o    186.672865    closed    48.2556303         1880.24442 3.53047948e-11  20.3933284        613885        1 2.17742076e-18
  38  p    321.194129    closed    119.615467         403.767494 2.32736517e-11  30.9355095       2617193        3 3.86645744e-18
  38  o    320.392734    closed    119.656724         402.520075 2.31300682e-11  31.1275466       2599721        3 3.89722486e-18
  39  p    373.509229    closed    332.407449         2781.37107 3.52807052e-11  20.4072529       1228729        1 2.17965168e-18
  39  o    373.468679    closed    32.6204833         2781.66832 3.52843031e-11   20.405172       1228538        1 2.17931829e-18
  40  p    327.750028    closed    115.666219         395.751009 2.23586649e-11  32.2014877       1661067        3 4.06928109e-18
  40  o    327.600222    closed    115.271473         395.075339 2.22823836e-11   32.311726       1657418        3 4.08694287e-18
  41  p    1015.53747    closed    115.070184         394.730245 2.22434738e-11  32.3682479       3741016        2 4.09599537e-18
  41  o    1014.16764    closed    112.751947         394.471726 2.22143477e-11  32.4106871       3731399        2 4.10279473e-18
  42  p    186.728749    closed    18.7911781         4824.69093 3.52813506e-11  20.4068796        614252        1 2.17959188e-18
  42  o    186.726839    closed    346.280871         4825.35453 3.52864773e-11  20.4039147        614235        1 2.17911686e-18
  43  p    373.449827    closed    32.3351373         2801.43478 3.52862064e-11  20.4040714       1228443        1 2.17914196e-18
  43  o    373.501874    closed    332.623482         2800.98088  3.5279328e-11  20.4080496       1228742        1 2.17977932e-18
  44  p    422.906002    closed    133.050869          424.45126 2.57192038e-11  27.9939565       4187984        4 3.39517851e-18
  44  o    421.552916    closed    129.959303         419.490794 2.51215671e-11  28.6599268       4135510        4 3.50187832e-18
  45  p    979.263571    closed      122.4234         409.169713 2.39005996e-11  30.1240256       6397936        5 3.73645044e-18
  45  o    976.943241    closed    124.722352         414.693038 2.45502171e-11  29.3269208       6310506        5  3.6087414e-18
  46  p    570.964868    closed    133.975463         425.923498  2.5891097e-11  27.8081023       4450798        5 3.36540136e-18
  46  o    571.482435    closed    133.144402         426.582804 2.55025367e-11  28.2317905       4466306        5 3.43328361e-18
  47  p     231.16584    closed    119.790376         402.744812 2.31559036e-11   31.092817       1373651        2 3.89165884e-18
  47  o    231.214911    closed    117.536423         398.937337 2.27201494e-11  31.6891522       1374486        2 3.98720126e-18

complete pairs:        48 / 48
mean t_para:           524.724498 ps
mean t_ortho:          496.770328 ps
DIFFERENCE ortho-para: -27.9541702 +/- 16.2937571 ps   (1.71563686 sigma)
GEOMETRIC RATIO:       0.961864827,  95% CI [0.924688949, 1.00053531]
SIGN TEST:             ortho longer in 11 of 48,  exact p = 0.000222244963
PHOTON COUNT DIFFERS:  5 of 48  (10.4166667%)
