paired para/ortho: 48 trajectories per channel, master seed 42, budget 1200 s, emission deterministic, level 1, floor off
Running 48 CREM collapse calibrations on 4 workers (per-event wall-clock budget 1200 s).
CREM calibrations: 10/48
CREM calibrations: 20/48
CREM calibrations: 30/48
CREM calibrations: 40/48
CREM calibrations: 48/48
Running 48 CREM collapse calibrations on 4 workers (per-event wall-clock budget 1200 s).
CREM calibrations: 10/48
CREM calibrations: 20/48
CREM calibrations: 30/48
CREM calibrations: 40/48
CREM calibrations: 48/48

 idx    t_para(ps)     t_ortho(ps)    ratio    photons para/ortho
   0     186.745153      186.7449610.999998973        1 /     1
   1     186.744678      186.7434670.999993513        1 /     1
   2     186.750611      186.7484890.999988635        1 /     1
   3      186.75243      186.745453 0.99996264        1 /     1
   4     186.742711      186.745449 1.00001466        1 /     1
   5     186.734805      186.752138 1.00009282        1 /     1
   6     186.736638      186.7199920.999910861        1 /     1
   7     186.743411      186.7414970.999989752        1 /     1
   8     186.746057       186.745150.999995143        1 /     1
   9      186.74452      186.7418010.999985443        1 /     1
  10     186.750003      186.7445370.999970729        1 /     1
  11     186.724231      186.748188  1.0001283        1 /     1
  12     186.749096      186.749555 1.00000246        1 /     1
  13     186.739364      186.743929 1.00002445        1 /     1
  14     186.754254      186.7512240.999983779        1 /     1
  15     186.740881        186.7494 1.00004562        1 /     1
  16     186.758963      186.7436250.999917875        1 /     1
  17     186.744475      186.751283 1.00003646        1 /     1
  18     186.750635      186.7467030.999978948        1 /     1
  19     186.750707      186.763079 1.00006625        1 /     1
  20     186.769766      186.750312 0.99989584        1 /     1
  21     186.750312      186.7381790.999935031        1 /     1
  22     186.747881      186.752443 1.00002443        1 /     1
  23     186.746057      186.7437480.999987637        1 /     1
  24     186.742122       186.74929 1.00003839        1 /     1
  25     186.722969       186.75396 1.00016597        1 /     1
  26     186.748187      186.750616 1.00001301        1 /     1
  27     186.748488      186.750893 1.00001288        1 /     1
  28     186.747164      186.751229 1.00002177        1 /     1
  29     186.749269      186.751241 1.00001056        1 /     1
  30     186.746361      186.750991  1.0000248        1 /     1
  31     186.747573      186.750616  1.0000163        1 /     1
  32     186.747273       186.75139 1.00002205        1 /     1
  33     186.749402      186.7397010.999948056        1 /     1
  34     186.743578      186.750942 1.00003943        1 /     1
  35     186.749929      186.7484620.999992143        1 /     1
  36     186.766423      186.7506490.999915541        1 /     1
  37     186.740889      186.742421  1.0000082        1 /     1
  38     186.743624      186.751456 1.00004194        1 /     1
  39     186.743735      186.7401080.999980576        1 /     1
  40     186.747874      186.751843 1.00002125        1 /     1
  41      186.74728      186.7444720.999984962        1 /     1
  42     186.752744        186.74590.999963353        1 /     1
  43     186.734014      186.751565 1.00009399        1 /     1
  44     186.739082      186.763109 1.00012866        1 /     1
  45     186.744037      186.7427470.999993089        1 /     1
  46     186.746159      186.7290260.999908258        1 /     1
  47     186.750616      186.7408890.999947915        1 /     1

 branch diagnosis (both channels, every trajectory)
 idx ch  t(ps)         stop      peri/barrier  period/lightcross  a_term(m)      bind(eV)   revolutions   photons  E_emitted(J)
   0  p    186.745153   barrier7.23403613e-09     4.76999232e+09 3.52783941e-11  20.4085898        614362        1 2.17986749e-18
   0  o    186.744961   barrier1.15329522e-09      1.1946458e+10 3.52784686e-11  20.4085467        614361        1 2.17986345e-18
   1  p    186.744678   barrier1.31516235e-08     3.53767642e+09 3.52783827e-11  20.4085964        614360        1 2.17986759e-18
   1  o    186.743467   barrier 1.7896816e-07          959008451 3.52785414e-11  20.4085046        614355        1 2.17985727e-18
   2  p    186.750611   barrier5.39095717e-10     1.74732419e+10 3.52783072e-11  20.4086401        614380        1 2.17987366e-18
   2  o    186.748489   barrier4.69753143e-14     1.87185381e+12 3.52783259e-11  20.4086293        614373        1 2.17987223e-18
   3  p     186.75243   barrier5.12657299e-08     1.79181172e+09 3.52782881e-11  20.4086511        614386        1 2.17987582e-18
   3  o    186.745453   barrier1.33041582e-07      1.1122789e+09 3.52783773e-11  20.4085995        614363        1 2.17986944e-18
   4  p    186.742711   barrier2.31337333e-07          843493776 3.52782481e-11  20.4086743        614354        1 2.17987937e-18
   4  o    186.745449   barrier7.47066196e-11     4.69383088e+10  3.5278337e-11  20.4086228        614363        1 2.17987231e-18
   5  p    186.734805   barrier8.86513421e-08     1.36258567e+09 3.52783219e-11  20.4086315        614328        1  2.1798725e-18
   5  o    186.752138   barrier7.84004689e-12     1.44893104e+11 3.52783406e-11  20.4086208        614385        1 2.17987121e-18
   6  p    186.736638   barrier5.04709102e-07          571064094 3.52783246e-11    20.40863        614334        1 2.17987332e-18
   6  o    186.719992   barrier3.02492935e-08     2.33264878e+09 3.52783402e-11   20.408621        614279        1 2.17986941e-18
   7  p    186.743411   barrier2.71552599e-08     2.46196071e+09 3.52784013e-11  20.4085856        614356        1 2.17986735e-18
   7  o    186.741497   barrier2.83614998e-13     7.61802109e+11 3.52783254e-11  20.4086295        614350        1 2.17987231e-18
   8  p    186.746057   barrier6.33042639e-30     1.61246491e+20 3.52783247e-11    20.40863        614365        1 2.17987231e-18
   8  o     186.74515   barrier1.15980392e-07     1.19128442e+09  3.5278394e-11  20.4085898        614362        1 2.17986913e-18
   9  p     186.74452   barrier1.72255968e-07          977502178 3.52782457e-11  20.4086756        614360        1 2.17988011e-18
   9  o    186.741801   barrier3.01780635e-12     2.33539913e+11 3.52783271e-11  20.4086285        614351        1 2.17987231e-18
  10  p    186.750003   barrier 9.2491279e-08     1.33399981e+09 3.52783059e-11  20.4086408        614378        1 2.17987408e-18
  10  o    186.744537   barrier2.86403126e-10     2.39727511e+10 3.52783247e-11    20.40863        614360        1 2.17987231e-18
  11  p    186.724231   barrier6.48950804e-08     1.59258039e+09 3.52783601e-11  20.4086094        614293        1 2.17986967e-18
  11  o    186.748188   barrier1.78943517e-11     9.59067584e+10 3.52783487e-11   20.408616        614372        1 2.17987064e-18
  12  p    186.749096   barrier6.93065385e-09     4.87325876e+09 3.52783161e-11  20.4086349        614375        1 2.17987238e-18
  12  o    186.749555   barrier3.76313258e-10     2.09138515e+10 3.52784344e-11  20.4085665        614376        1 2.17986469e-18
  13  p    186.739364   barrier2.98188717e-11     7.42951693e+10 3.52782936e-11  20.4086479        614343        1 2.17987447e-18
  13  o    186.743929   barrier3.94525887e-15      6.4590553e+12 3.52783248e-11  20.4086299        614358        1 2.17987231e-18
  14  p    186.754254   barrier2.67619085e-07          784236186 3.52782902e-11  20.4086499        614392        1 2.17987665e-18
  14  o    186.751224   barrier1.14301083e-29     1.20000093e+20 3.52783247e-11    20.40863        614382        1 2.17987231e-18
  15  p    186.740881   barrier6.33714653e-07          509633846 3.52783263e-11   20.408629        614348        1 2.17987218e-18
  15  o      186.7494   barrier9.96658018e-09     4.06381239e+09 3.52783247e-11    20.40863        614376        1 2.17987231e-18
  16  p    186.758963   barrier 1.3180087e-08     3.53383273e+09 3.52782383e-11  20.4086799        614408        1 2.17987782e-18
  16  o    186.743625   barrier1.83847927e-11     9.46188134e+10 3.52783308e-11  20.4086264        614357        1 2.17987231e-18
  17  p    186.744475   barrier2.99279831e-09     7.41596179e+09 3.52782956e-11  20.4086468        614360        1 2.17987433e-18
  17  o    186.751283   barrier2.70191456e-10     2.46815591e+10 3.52784136e-11  20.4085785        614382        1 2.17986623e-18
  18  p    186.750635   barrier3.21958639e-08     2.26104622e+09  3.5278477e-11  20.4085418        614380        1 2.17986231e-18
  18  o    186.746703   barrier8.50074901e-10     1.39149424e+10 3.52785012e-11  20.4085278        614365        1 2.17985979e-18
  19  p    186.750707   barrier1.26310478e-10     3.60985451e+10 3.52784674e-11  20.4085474        614380        1 2.17986322e-18
  19  o    186.763079   barrier1.53372317e-08     3.27591956e+09 3.52783247e-11    20.40863        614421        1 2.17987231e-18
  20  p    186.769766   barrier3.35888063e-08      2.2136522e+09 3.52783247e-11    20.40863        614443        1 2.17987231e-18
  20  o    186.750312   barrier1.01165267e-09     1.27553105e+10 3.52783247e-11    20.40863        614379        1 2.17987231e-18
  21  p    186.750312   barrier 1.1584969e-11     1.19195375e+11 3.52783295e-11  20.4086272        614379        1 2.17987231e-18
  21  o    186.738179   barrier1.05668208e-08     3.94671185e+09 3.52783712e-11   20.408603        614339        1 2.17986908e-18
  22  p    186.747881   barrier1.16057817e-29     1.19088426e+20 3.52783247e-11    20.40863        614371        1 2.17987231e-18
  22  o    186.752443   barrier1.38856852e-12     3.44289027e+11 3.52783293e-11  20.4086273        614386        1 2.17987204e-18
  23  p    186.746057   barrier4.83006817e-10     1.84599331e+10 3.52783247e-11    20.40863        614365        1 2.17987231e-18
  23  o    186.743748   barrier5.08207001e-09      5.6910003e+09 3.52784431e-11  20.4085614        614357        1 2.17986408e-18
  24  p    186.742122   barrier1.11144092e-07     1.21692865e+09  3.5278424e-11  20.4085725        614352        1 2.17986323e-18
  24  o     186.74929   barrier3.10296725e-10     2.30313773e+10 3.52784197e-11   20.408575        614375        1 2.17986583e-18
  25  p    186.722969   barrier2.73922133e-07          775162524 3.52783388e-11  20.4086218        614289        1 2.17987141e-18
  25  o     186.75396   barrier1.04423422e-11     1.25547392e+11 3.52783194e-11   20.408633        614391        1 2.17987237e-18
  26  p    186.748187   barrier2.96238826e-09     7.45399638e+09 3.52785099e-11  20.4085228        614371        1 2.17985944e-18
  26  o    186.750616   barrier1.16057817e-29     1.19088426e+20 3.52783247e-11    20.40863        614380        1 2.17987231e-18
  27  p    186.748488   barrier1.21333172e-29     1.16470778e+20 3.52783247e-11    20.40863        614373        1 2.17987231e-18
  27  o    186.750893   barrier2.10710027e-10     2.79491957e+10 3.52786043e-11  20.4084682        614379        1 2.17985289e-18
  28  p    186.747164   barrier6.68136076e-07          496334406 3.52784225e-11  20.4085734        614368        1 2.17986577e-18
  28  o    186.751229   barrier3.36759569e-11     6.99113019e+10 3.52783577e-11  20.4086109        614382        1 2.17987002e-18
  29  p    186.749269   barrier2.44536463e-08     2.59438086e+09 3.52782624e-11   20.408666        614376        1 2.17987664e-18
  29  o    186.751241   barrier7.34936992e-10     1.49652696e+10 3.52784788e-11  20.4085408        614381        1  2.1798616e-18
  30  p    186.746361   barrier3.49592884e-08      2.1698283e+09 3.52783247e-11    20.40863        614366        1 2.17987231e-18
  30  o    186.750991   barrier1.01950913e-09     1.27061665e+10 3.52785062e-11  20.4085249        614380        1 2.17985969e-18
  31  p    186.747573   barrier1.21409304e-07     1.16433963e+09 3.52782821e-11  20.4086546        614370        1 2.17987348e-18
  31  o    186.750616   barrier1.20985103e-20      3.6884237e+15 3.52783247e-11    20.40863        614380        1 2.17987231e-18
  32  p    186.747273   barrier1.92577186e-14     2.92350835e+12 3.52783249e-11  20.4086298        614369        1 2.17987231e-18
  32  o     186.75139   barrier4.72559756e-13     5.90173713e+11 3.52784046e-11  20.4085837        614382        1 2.17986676e-18
  33  p    186.749402   barrier4.21216374e-11     6.25107098e+10 3.52783409e-11  20.4086206        614376        1 2.17987166e-18
  33  o    186.739701   barrier2.27617843e-11     8.50362395e+10 3.52783488e-11   20.408616        614344        1 2.17987071e-18
  34  p    186.743578   barrier1.24266251e-09      1.1508901e+10 3.52785251e-11   20.408514        614356        1 2.17985838e-18
  34  o    186.750942   barrier2.56767087e-11     8.00640384e+10 3.52783472e-11  20.4086169        614381        1 2.17987089e-18
  35  p    186.749929   barrier1.86259948e-07          940039443 3.52782991e-11  20.4086447        614378        1 2.17987497e-18
  35  o    186.748462   barrier3.27119027e-07          709346091 3.52786036e-11  20.4084686        614371        1 2.17985288e-18
  36  p    186.766423   barrier2.01176702e-08     2.86034134e+09 3.52783247e-11    20.40863        614432        1 2.17987231e-18
  36  o    186.750649   barrier7.46069386e-12     1.48531111e+11 3.52783402e-11   20.408621        614380        1 2.17987123e-18
  37  p    186.740889   barrier7.62730859e-08     1.46899701e+09 3.52783247e-11    20.40863        614348        1 2.17987231e-18
  37  o    186.742421   barrier1.75984985e-12     3.05822254e+11 3.52783322e-11  20.4086256        614353        1 2.17987179e-18
  38  p    186.743624   barrier5.82581043e-10     1.68083872e+10 3.52781874e-11  20.4087094        614357        1 2.17988185e-18
  38  o    186.751456   barrier4.18158051e-10       1.983986e+10 3.52784374e-11  20.4085647        614382        1 2.17986456e-18
  39  p    186.743735   barrier1.62345812e-07     1.00690387e+09 3.52784447e-11  20.4085605        614357        1 2.17986269e-18
  39  o    186.740108   barrier  1.119598e-11     1.21248528e+11 3.52783669e-11  20.4086056        614345        1 2.17986796e-18
  40  p    186.747874   barrier 3.6519193e-09     6.71345011e+09 3.52783034e-11  20.4086422        614371        1 2.17987379e-18
  40  o    186.751843   barrier7.93937705e-13     4.55316756e+11 3.52783297e-11   20.408627        614384        1 2.17987196e-18
  41  p     186.74728   barrier5.95307147e-07          525819010 3.52784116e-11  20.4085797        614369        1 2.17986799e-18
  41  o    186.744472   barrier4.55680147e-10     1.90054803e+10 3.52784411e-11  20.4085626        614359        1 2.17986433e-18
  42  p    186.752744   barrier1.18299965e-07     1.17954392e+09 3.52783238e-11  20.4086305        614387        1 2.17987237e-18
  42  o      186.7459   barrier1.05632818e-09     1.24827559e+10 3.52784958e-11   20.408531        614364        1 2.17986073e-18
  43  p    186.734014   barrier1.87842503e-11     9.36072237e+10    3.52783e-11  20.4086442        614325        1 2.17987403e-18
  43  o    186.751565   barrier3.44934605e-12     2.18443364e+11  3.5278351e-11  20.4086147        614383        1 2.17987048e-18
  44  p    186.739082   barrier4.97972529e-09      5.7491581e+09 3.52783357e-11  20.4086236        614342        1 2.17987149e-18
  44  o    186.763109   barrier7.88465837e-11     4.56894543e+10 3.52783603e-11  20.4086093        614421        1 2.17987018e-18
  45  p    186.744037   barrier2.30710472e-13     8.44644189e+11 3.52783625e-11  20.4086081        614358        1 2.17986874e-18
  45  o    186.742747   barrier3.41081783e-11     6.94669186e+10 3.52783541e-11  20.4086129        614354        1 2.17987035e-18
  46  p    186.746159   barrier 5.7534633e-07          534861883 3.52783813e-11  20.4085972        614365        1 2.17986891e-18
  46  o    186.729026   barrier2.15203203e-11     8.74544475e+10 3.52782983e-11  20.4086452        614309        1 2.17987415e-18
  47  p    186.750616   barrier1.96445001e-19     9.15348054e+14 3.52783247e-11    20.40863        614380        1 2.17987231e-18
  47  o    186.740889   barrier3.89150527e-10     2.05659105e+10 3.52783247e-11    20.40863        614348        1 2.17987231e-18

complete pairs:        48 / 48
mean t_para:           186.746176 ps
mean t_ortho:          186.747044 ps
DIFFERENCE ortho-para: 0.000868502643 +/- 0.00152362537 ps   (0.570023747 sigma)
GEOMETRIC RATIO:       1.00000465,  95% CI [0.99998866, 1.00002064]
SIGN TEST:             ortho longer in 24 of 48,  exact p = 1
PHOTON COUNT DIFFERS:  0 of 48  (0%)

ANNIHILATION para : finite E[T] in 48, no contact ever (infinite) 0; mean 186.776864 ps, median 186.775118 ps, min 186.752576 max 186.801496 ps
ANNIHILATION ortho: finite E[T] in 48, no contact ever (infinite) 0; mean 187.004032 ps, median 186.808398 ps, min 186.760649 max 191.942261 ps
ANNIHILATION tau_ortho/tau_para (ensemble means) = 1.00121625   measured: 125.14 ps, 142.04 ns, ratio 1135.0
 idx  E[T]_para(ps)  E[T]_ortho(ps)  n0_para(m^-3)  S_stop_p  S_stop_o
   0     186.771303      186.783382  6.2795125e+230.9999968270.999997747
   1     186.771138      186.776044  6.2795125e+230.9999968850.999997785
   2     186.788029      187.058137  6.2795125e+230.9999976310.999999624
   3     186.779823      186.776352  6.2795125e+230.9999973160.999997546
   4     186.769651      186.793753  6.2795125e+230.9999972680.999998443
   5      186.76131      187.268038  6.2795125e+230.9999968120.99999976
   6     186.761769      186.760649  6.2795125e+230.9999969360.999997522
   7     186.771099      186.835538  6.2795125e+230.999996850.999999051
   8     186.796943      186.775738  6.2795125e+230.999997490.999997567
   9     186.775566      186.801837  6.2795125e+230.9999976490.999998502
  10     186.774705      186.853641  6.2795125e+230.9999967540.999999223
  11     186.756691      186.836427  6.2795125e+230.9999972470.999998804
  12     186.775794      186.778652  6.2795125e+23 0.99999720.999997179
  13     186.780553      191.942261  6.2795125e+230.9999975580.999999983
  14     186.780024      186.931453  6.2795125e+230.9999971280.999999387
  15     186.766973      186.807783  6.2795125e+230.9999970430.999998496
  16     186.793835      186.970415  6.2795125e+230.999997165 0.9999996
  17     186.775118      186.885913  6.2795125e+230.9999970080.999999413
  18     186.775741      186.784392  6.2795125e+230.9999970280.999997169
  19     186.777262       186.80716  6.2795125e+230.9999970380.999998094
  20     186.801259      186.800745  6.2795125e+230.9999973050.999998579
  21      186.78227      186.799181  6.2795125e+230.999997370.999998682
  22     186.785973      188.173908  6.2795125e+230.9999970760.999999948
  23     186.771448      186.808398  6.2795125e+230.9999966090.999998871
  24     186.770783      186.831924  6.2795125e+230.9999968980.999999192
  25     186.752576      186.801697  6.2795125e+230.9999971230.999998094
  26     186.773991      186.806127  6.2795125e+230.9999969250.999998389
  27     186.786836      186.781316  6.2795125e+230.999997230.999997749
  28     186.774082      187.008325  6.2795125e+23 0.99999730.99999974
  29     186.782119      186.804929  6.2795125e+230.9999972540.999998147
  30     186.771973      186.796221  6.2795125e+230.9999966110.999997719
  31     186.776911      187.204402  6.2795125e+230.9999971870.999999765
  32     186.773114      186.886231  6.2795125e+230.9999967110.999999487
  33      186.77472      186.898496  6.2795125e+230.999996780.999999419
  34        186.774      187.121049  6.2795125e+230.9999968960.999999756
  35     186.779209       186.77738  6.2795125e+230.9999975830.999997504
  36     186.801496      187.295042  6.2795125e+230.9999973440.999999822
  37     186.775116      186.919259  6.2795125e+230.9999973780.999999454
  38     186.794764       186.79996  6.2795125e+230.9999975010.999998561
  39     186.771393      186.778393  6.2795125e+230.9999969060.999997502
  40     186.772608      186.992517  6.2795125e+230.9999966510.999999608
  41     186.774388      186.810937  6.2795125e+23 0.99999730.999998822
  42     186.777543      186.796368  6.2795125e+230.9999969850.999998577
  43     186.782183      186.824821  6.2795125e+230.9999971760.999998618
  44     186.768129      186.798709  6.2795125e+230.9999970490.999997518
  45     186.780385      186.931936  6.2795125e+230.999997380.999999504
  46     186.773253      186.776497  6.2795125e+230.9999972570.999997792
  47     186.783624      186.941183  6.2795125e+230.9999972740.999999617
