paired para/ortho: 48 trajectories per channel, master seed 42, budget 1200 s, emission deterministic, level 1, floor off
Running 48 CREM collapse calibrations on 4 workers (per-event wall-clock budget 1200 s).
CREM calibrations: 10/48
CREM calibrations: 20/48
CREM calibrations: 30/48
CREM calibrations: 40/48
CREM calibrations: 48/48
Running 48 CREM collapse calibrations on 4 workers (per-event wall-clock budget 1200 s).
CREM calibrations: 10/48
CREM calibrations: 20/48
CREM calibrations: 30/48
CREM calibrations: 40/48
CREM calibrations: 48/48

 idx    t_para(ps)     t_ortho(ps)    ratio    photons para/ortho
   0       186.7494      186.7338980.999916989        1 /     1
   1     186.749704      198.708209 1.06403493        1 /     2
   2     186.749096      186.7475770.999991862        1 /     1
   3     186.746665      186.749448 1.00001491        1 /     1
   4     186.743309      186.749009 1.00003053        1 /     1
   5      186.74665      186.749584 1.00001571        1 /     1
   6     186.746057      186.7418010.999977212        1 /     1
   7     186.743621      186.743625 1.00000002        1 /     1
   8     186.757454      186.7492850.999956257        1 /     1
   9     186.746348      186.7408890.999970767        1 /     1
  10     186.745753      186.748519 1.00001481        1 /     1
  11     186.743927      186.746361 1.00001303        1 /     1
  12     186.741799      186.743929  1.0000114        1 /     1
  13     186.743618      186.743625 1.00000004        1 /     1
  14      186.71322      186.749476 1.00019418        1 /     1
  15     186.744537      186.747577 1.00001628        1 /     1
  16     186.741796      186.746665 1.00002607        1 /     1
  17     186.753352      186.7489670.999976521        1 /     1
  18     198.730918      186.7354180.939639488        2 /     1
  19     198.730918      186.7354180.939639488        2 /     1
  20     186.754901      186.749549 0.99997134        1 /     1
  21      186.74119      186.743929 1.00001467        1 /     1
  22      186.73936      186.749784 1.00005582        1 /     1
  23     186.744841      186.748926 1.00002188        1 /     1
  24     186.745753      186.749623 1.00002072        1 /     1
  25     186.752136      186.7460570.999967448        1 /     1
  26     186.748958      186.750002 1.00000559        1 /     1
  27     186.745753      186.7421050.999980468        1 /     1
  28      186.70988      186.749499 1.00021219        1 /     1
  29     186.740274      186.747577  1.0000391        1 /     1
  30     186.743015      186.743625 1.00000326        1 /     1
  31      186.74513       186.74966 1.00002426        1 /     1
  32     186.738756      186.749787 1.00005907        1 /     1
  33     186.748488      186.7357220.999931638        1 /     1
  34     186.743926      186.749641  1.0000306        1 /     1
  35     186.746038       186.74968  1.0000195        1 /     1
  36     198.725819      186.749536 0.93973464        2 /     1
  37     186.755872      186.7445370.999939304        1 /     1
  38     186.747867      186.749667 1.00000964        1 /     1
  39     186.747876       186.736330.999938171        1 /     1
  40     198.730742      186.7501030.939714213        2 /     1
  41     186.749096      198.713743 1.06406803        1 /     2
  42     186.740886      186.749448 1.00004585        1 /     1
  43     186.745753      186.749702 1.00002115        1 /     1
  44     186.744537      186.748895 1.00002334        1 /     1
  45      186.74146      186.7387620.999985552        1 /     1
  46     186.748792      186.7411930.999959309        1 /     1
  47     186.745753      186.7427130.999983723        1 /     1

 branch diagnosis (both channels, every trajectory)
 idx ch  t(ps)         stop      peri/barrier  period/lightcross  a_term(m)      bind(eV)   revolutions   photons  E_emitted(J)
   0  p      186.7494   barrier1.17896432e-11     1.18156175e+11 3.52783247e-11    20.40863        614376        1 2.17987231e-18
   0  o    186.733898   barrier5.67100697e-30     1.70363543e+20 3.52783247e-11    20.40863        614325        1 2.17987231e-18
   1  p    186.749704   barrier1.50698888e-11     1.04508528e+11 3.52783247e-11    20.40863        614377        1 2.17987231e-18
   1  o    198.708209    closed    97.7967688         363.899367 1.89044615e-11  38.0853099        819014        2   5.012133e-18
   2  p    186.749096   barrier2.91381819e-07          751578834  3.5278311e-11  20.4086379        614375        1 2.17987237e-18
   2  o    186.747577   barrier5.12599278e-19     5.66653738e+14 3.52783247e-11    20.40863        614370        1 2.17987231e-18
   3  p    186.746665   barrier 8.2006388e-08     1.41671304e+09  3.5278281e-11  20.4086552        614367        1 2.17987237e-18
   3  o    186.749448   barrier3.90814552e-10     2.05224388e+10 3.52787351e-11  20.4083925        614369        1 2.17983427e-18
   4  p    186.743309   barrier 6.2991759e-07          511166230 3.52782668e-11  20.4086635        614356        1 2.17987761e-18
   4  o    186.749009   barrier5.44924307e-13     5.49590745e+11 3.52783651e-11  20.4086066        614374        1 2.17986856e-18
   5  p     186.74665   barrier3.54853627e-11     6.81052646e+10 3.52782464e-11  20.4086752        614367        1 2.17987878e-18
   5  o    186.749584   barrier5.38778007e-10     1.74787312e+10 3.52787623e-11  20.4083768        614369        1 2.17983175e-18
   6  p    186.746057   barrier3.29634429e-10     2.23455202e+10 3.52783247e-11    20.40863        614365        1 2.17987231e-18
   6  o    186.741801   barrier8.36310008e-19     4.43632247e+14 3.52783247e-11    20.40863        614351        1 2.17987231e-18
   7  p    186.743621   barrier1.61851803e-07     1.00843344e+09 3.52783077e-11  20.4086398        614357        1 2.17987372e-18
   7  o    186.743625   barrier6.31637728e-17     5.10472937e+13 3.52783247e-11  20.4086299        614357        1 2.17987231e-18
   8  p    186.757454   barrier1.24273148e-07     1.15084393e+09 3.52782508e-11  20.4086727        614403        1 2.17987743e-18
   8  o    186.749285   barrier3.78609047e-12     2.08503312e+11 3.52784166e-11  20.4085768        614374        1 2.17986379e-18
   9  p    186.746348   barrier7.87062144e-11     4.57299717e+10 3.52782538e-11   20.408671        614366        1 2.17987771e-18
   9  o    186.740889   barrier2.60232858e-18     2.51492876e+14 3.52783247e-11    20.40863        614348        1 2.17987231e-18
  10  p    186.745753   barrier1.02123571e-07      1.2695305e+09 3.52783049e-11  20.4086414        614364        1 2.17987237e-18
  10  o    186.748519   barrier9.56909606e-15     4.14735682e+12 3.52783304e-11  20.4086267        614373        1 2.17987178e-18
  11  p    186.743927   barrier4.25120153e-07          622222939   3.527812e-11  20.4087484        614358        1 2.17989027e-18
  11  o    186.746361   barrier3.65737029e-17     6.70845155e+13 3.52783247e-11  20.4086299        614366        1 2.17987231e-18
  12  p    186.741799   barrier6.50513763e-08     1.59066056e+09 3.52782795e-11  20.4086561        614351        1 2.17987256e-18
  12  o    186.743929   barrier  6.329051e-17     5.09961578e+13 3.52783247e-11  20.4086299        614358        1 2.17987231e-18
  13  p    186.743618   barrier1.37364855e-07      1.0946292e+09 3.52782411e-11  20.4086783        614357        1 2.17988005e-18
  13  o    186.743625   barrier5.71255196e-17     5.36774248e+13 3.52783247e-11  20.4086299        614357        1 2.17987231e-18
  14  p     186.71322   barrier4.03038817e-07          639045711 3.52783072e-11  20.4086401        614257        1 2.17987383e-18
  14  o    186.749476   barrier8.61033699e-12     1.38260791e+11 3.52784524e-11  20.4085561        614374        1 2.17986048e-18
  15  p    186.744537   barrier 5.0693853e-08     1.80189289e+09 3.52783247e-11    20.40863        614360        1 2.17987231e-18
  15  o    186.747577   barrier1.21520876e-18     3.68028378e+14 3.52783247e-11    20.40863        614370        1 2.17987231e-18
  16  p    186.741796   barrier9.12960453e-08     1.34270315e+09  3.5278296e-11  20.4086466        614351        1 2.17987425e-18
  16  o    186.746665   barrier1.83384708e-17     9.47382143e+13 3.52783247e-11  20.4086299        614367        1 2.17987231e-18
  17  p    186.753352   barrier6.41290772e-07          506614336 3.52783202e-11  20.4086326        614389        1 2.17987237e-18
  17  o    186.748967   barrier3.39141051e-13     6.96654063e+11 3.52783573e-11  20.4086111        614374        1 2.17986929e-18
  18  p    198.730918    closed    97.8043248         363.913423 1.89059219e-11  38.0823679        819204        2 5.01149283e-18
  18  o    186.735418   barrier1.42434594e-29      1.0749766e+20 3.52783247e-11    20.40863        614330        1 2.17987231e-18
  19  p    198.730918    closed    97.8037208         363.912301 1.89058053e-11  38.0826027        819204        2 5.01153045e-18
  19  o    186.735418   barrier1.42434594e-29      1.0749766e+20 3.52783247e-11    20.40863        614330        1 2.17987231e-18
  20  p    186.754901   barrier3.83773548e-07          654886856 3.52782195e-11  20.4086908        614395        1 2.17988149e-18
  20  o    186.749549   barrier2.92123069e-11     7.50632711e+10 3.52785229e-11  20.4085153        614373        1 2.17985394e-18
  21  p     186.74119   barrier 1.1444738e-08     3.79227444e+09 3.52781059e-11  20.4087565        614349        1 2.17988636e-18
  21  o    186.743929   barrier5.60703024e-17     5.41801627e+13 3.52783247e-11  20.4086299        614358        1 2.17987231e-18
  22  p     186.73936   barrier1.52704996e-11     1.03819726e+11  3.5278311e-11  20.4086379        614343        1 2.17987306e-18
  22  o    186.749784   barrier1.50142559e-09     1.04704148e+10 3.52788143e-11  20.4083467        614369        1 2.17982693e-18
  23  p    186.744841   barrier9.56522842e-08     1.31177347e+09 3.52783247e-11    20.40863        614361        1 2.17987231e-18
  23  o    186.748926   barrier1.92080509e-13     9.25689987e+11 3.52783496e-11  20.4086155        614374        1    2.17987e-18
  24  p    186.745753   barrier 1.6881137e-29     9.87429063e+19 3.52783247e-11    20.40863        614364        1 2.17987231e-18
  24  o    186.749623   barrier2.93207284e-10     2.36933509e+10 3.52787097e-11  20.4084072        614370        1 2.17983662e-18
  25  p    186.752136   barrier1.28461347e-07     1.13193154e+09 3.52783238e-11  20.4086304        614385        1 2.17987237e-18
  25  o    186.746057   barrier8.40620531e-17     4.42493359e+13 3.52783247e-11  20.4086299        614365        1 2.17987231e-18
  26  p    186.748958   barrier1.26475843e-08     3.60746155e+09 3.52782588e-11  20.4086681        614375        1 2.17987689e-18
  26  o    186.750002   barrier1.80247472e-09     9.55610759e+09 3.52788051e-11   20.408352        614370        1 2.17982778e-18
  27  p    186.745753   barrier5.62705641e-30     1.71027567e+20 3.52783247e-11    20.40863        614364        1 2.17987231e-18
  27  o    186.742105   barrier 1.2177583e-17     1.16258899e+14 3.52783247e-11    20.40863        614352        1 2.17987231e-18
  28  p     186.70988   barrier4.38577749e-07          612607232 3.52783149e-11  20.4086356        614246        1 2.17987277e-18
  28  o    186.749499   barrier9.33622197e-12      1.3277723e+11 3.52784565e-11  20.4085537        614374        1 2.17986009e-18
  29  p    186.740274   barrier8.92949668e-07          429329097 3.52782938e-11  20.4086478        614346        1 2.17987517e-18
  29  o    186.747577   barrier4.12862442e-19     6.31399255e+14 3.52783247e-11    20.40863        614370        1 2.17987231e-18
  30  p    186.743015   barrier2.46256874e-07          817544862 3.52783061e-11  20.4086407        614355        1 2.17987242e-18
  30  o    186.743625   barrier6.72047392e-17     4.94887864e+13 3.52783247e-11  20.4086299        614357        1 2.17987231e-18
  31  p     186.74513   barrier1.87956369e-07          935785429  3.5278246e-11  20.4086755        614362        1 2.17987894e-18
  31  o     186.74966   barrier8.56739622e-11     4.38316106e+10  3.5278601e-11  20.4084701        614372        1  2.1798467e-18
  32  p    186.738756   barrier 2.5288853e-09     8.06755768e+09 3.52783192e-11  20.4086331        614341        1 2.17987263e-18
  32  o    186.749787   barrier1.47232207e-09     1.05733932e+10 3.52788143e-11  20.4083467        614369        1 2.17982693e-18
  33  p    186.748488   barrier4.50800507e-19     6.04247073e+14 3.52783247e-11    20.40863        614373        1 2.17987231e-18
  33  o    186.735722   barrier1.47709949e-29     1.05560607e+20 3.52783247e-11    20.40863        614331        1 2.17987231e-18
  34  p    186.743926   barrier3.41094457e-12      2.1966923e+11 3.52783142e-11   20.408636        614358        1 2.17987304e-18
  34  o    186.749641   barrier6.21513369e-10     1.62738314e+10  3.5278774e-11    20.40837        614369        1 2.17983066e-18
  35  p    186.746038   barrier2.19398687e-07          866138649 3.52782304e-11  20.4086845        614365        1 2.17988074e-18
  35  o     186.74968   barrier8.90726894e-11     4.29872476e+10 3.52786046e-11   20.408468        614372        1 2.17984637e-18
  36  p    198.725819    closed    97.6884044         363.956153 1.89103619e-11  38.0734264        819163        2 5.01006571e-18
  36  o    186.749536   barrier2.41286242e-10     2.61184425e+10 3.52786931e-11  20.4084169        614370        1 2.17983817e-18
  37  p    186.755872   barrier4.35363519e-07          614862249 3.52782296e-11   20.408685        614398        1 2.17987952e-18
  37  o    186.744537   barrier1.15428958e-16     3.77615111e+13 3.52783247e-11    20.40863        614360        1 2.17987231e-18
  38  p    186.747867   barrier1.60499689e-07     1.01266996e+09 3.52782531e-11  20.4086714        614371        1 2.17987826e-18
  38  o    186.749667   barrier4.04093069e-11     6.38219578e+10 3.52785451e-11  20.4085025        614373        1 2.17985189e-18
  39  p    186.747876   barrier4.90060745e-09     5.79537619e+09 3.52783165e-11  20.4086347        614371        1 2.17987288e-18
  39  o     186.73633   barrier  5.638036e-30     1.70860956e+20 3.52783247e-11    20.40863        614333        1 2.17987231e-18
  40  p    198.730742    closed    97.8067804         363.917993 1.89063968e-11  38.0814114        819201        2 5.01133958e-18
  40  o    186.750103   barrier 2.1061376e-09     8.84039611e+09 3.52787766e-11  20.4083685        614371        1 2.17983042e-18
  41  p    186.749096   barrier1.50382087e-11     1.04618524e+11 3.52783186e-11  20.4086335        614375        1 2.17987236e-18
  41  o    198.713743    closed    97.8006714         363.906461 1.89051986e-11   38.083825        819067        2 5.01180179e-18
  42  p    186.740886   barrier9.87798391e-09     4.08198152e+09 3.52782414e-11  20.4086781        614348        1 2.17987402e-18
  42  o    186.749448   barrier5.06811994e-11     5.69885587e+10 3.52785609e-11  20.4084933        614372        1 2.17985042e-18
  43  p    186.745753   barrier5.40490871e-08      1.7450683e+09 3.52783247e-11    20.40863        614364        1 2.17987231e-18
  43  o    186.749702   barrier1.79405749e-10     3.02896942e+10 3.52786666e-11  20.4084322        614371        1 2.17984062e-18
  44  p    186.744537   barrier1.05102663e-27     1.25141079e+19 3.52783247e-11    20.40863        614360        1 2.17987231e-18
  44  o    186.748895   barrier1.10035471e-13     1.22304026e+12 3.52783438e-11  20.4086189        614374        1 2.17987054e-18
  45  p     186.74146   barrier2.04985945e-08      2.8336334e+09 3.52782708e-11  20.4086611        614350        1 2.17987605e-18
  45  o    186.738762   barrier 1.6881137e-29     9.87429063e+19 3.52783247e-11    20.40863        614341        1 2.17987231e-18
  46  p    186.748792   barrier 6.8791231e-08     1.54682056e+09 3.52783196e-11  20.4086329        614374        1 2.17987237e-18
  46  o    186.741193   barrier1.72085984e-18     3.09267301e+14 3.52783247e-11    20.40863        614349        1 2.17987231e-18
  47  p    186.745753   barrier3.18808084e-08     2.27217623e+09 3.52783247e-11    20.40863        614364        1 2.17987231e-18
  47  o    186.742713   barrier1.10682292e-17     1.21946034e+14 3.52783247e-11    20.40863        614354        1 2.17987231e-18

complete pairs:        48 / 48
mean t_para:           187.743354 ps
mean t_ortho:          187.244356 ps
DIFFERENCE ortho-para: -0.49899838 +/- 0.613443581 ps   (0.8134381 sigma)
GEOMETRIC RATIO:       0.997413818,  95% CI [0.991208932, 1.00365755]
SIGN TEST:             ortho longer in 29 of 48,  exact p = 0.193412653
PHOTON COUNT DIFFERS:  6 of 48  (12.5%)

ANNIHILATION para : finite E[T] in 48, no contact ever (infinite) 0; mean 1014.72405 ps, median 186.774749 ps, min 186.734902 max 10345.938 ps
ANNIHILATION ortho: finite E[T] in 48, no contact ever (infinite) 0; mean 96072.4674 ps, median 214.406489 ps, min 201.805807 max 3286571 ps
ANNIHILATION tau_ortho/tau_para (ensemble means) = 94.6784174   measured: 125.14 ps, 142.04 ns, ratio 1135.0
 idx  E[T]_para(ps)  E[T]_ortho(ps)  n0_para(m^-3)  S_stop_p  S_stop_o
   0     186.774749      206.604342  6.2795125e+230.9999965390.999999996
   1     186.774209         3286571  6.2795125e+230.9999965410.999999933
   2     186.777668      212.797358  6.2795125e+230.9999969190.999999997
   3     186.772656      214.407509  6.2795125e+230.9999969180.999999997
   4     186.768268      214.406639  6.2795125e+230.9999967970.999999997
   5     186.775596      214.407673  6.2795125e+230.9999968570.999999997
   6     186.779042      204.581713  6.2795125e+230.9999967320.999999996
   7     186.768344      205.973519  6.2795125e+230.9999968880.999999996
   8     186.788151       214.40697  6.2795125e+230.9999970110.999999997
   9      186.77628      202.005982  6.2795125e+230.9999968470.999999996
  10     186.776181      214.406105  6.2795125e+230.9999968740.999999997
  11     186.769675      209.274155  6.2795125e+230.9999969320.999999997
  12     186.771808      207.202294  6.2795125e+230.9999969030.999999996
  13     186.768154      205.568019  6.2795125e+230.9999968840.999999996
  14     186.737845      214.407203  6.2795125e+230.9999965060.999999997
  15     186.770504      212.281007  6.2795125e+230.9999965350.999999997
  16     186.768964      210.459694  6.2795125e+230.9999968290.999999997
  17     186.777961      214.406591  6.2795125e+230.9999969610.999999997
  18     9998.62681       202.89338  6.2795125e+230.9999468860.999999996
  19      10200.185      202.824157  6.2795125e+230.9999472360.999999996
  20     186.779443      214.407358  6.2795125e+230.9999970060.999999997
  21     186.775628      207.439607  6.2795125e+230.9999968950.999999996
  22     186.767321      214.407938  6.2795125e+230.9999965090.999999997
  23     186.775532      214.406536  6.2795125e+230.9999967420.999999997
  24     186.779863       214.40765  6.2795125e+230.9999966020.999999997
  25     186.777051      209.275345  6.2795125e+230.9999969010.999999997
  26     186.773923      214.408144  6.2795125e+230.9999967760.999999997
  27     186.776325       205.00411  6.2795125e+230.9999965380.999999996
  28     186.734902      214.407227  6.2795125e+230.9999964960.999999997
  29     186.764788      213.362066  6.2795125e+230.9999966450.999999997
  30     186.769529      206.752271  6.2795125e+230.9999969030.999999996
  31     186.769666      214.407562  6.2795125e+230.9999968960.999999997
  32     186.765777      214.407945  6.2795125e+230.9999964980.999999997
  33      186.77404      202.224508  6.2795125e+230.9999966850.999999996
  34     186.776954      214.407746  6.2795125e+230.9999968130.999999997
  35     186.770617      214.407586  6.2795125e+230.9999969080.999999997
  36      10345.938      214.407539  6.2795125e+230.9999455870.999999997
  37     186.780749      206.251362  6.2795125e+230.999997020.999999996
  38     186.775831      214.407503  6.2795125e+230.9999968930.999999997
  39     186.773198      201.805807  6.2795125e+230.9999966590.999999996
  40     9944.03441      214.408216  6.2795125e+230.9999492420.999999997
  41     186.776679      1315232.18  6.2795125e+230.999996720.999999898
  42     186.774857      214.407298  6.2795125e+230.9999968960.999999997
  43     186.771453      214.407685  6.2795125e+230.9999966060.999999997
  44     186.773797      214.406489  6.2795125e+230.999996520.999999997
  45     186.766473      202.748071  6.2795125e+230.9999965840.999999996
  46     186.773433      202.839361  6.2795125e+230.9999969410.999999996
  47     186.776518      203.714999  6.2795125e+230.9999967710.999999996
