paired para/ortho: 48 trajectories per channel, master seed 42, budget 1200 s, emission deterministic, level 1, floor off
Running 48 CREM collapse calibrations on 4 workers (per-event wall-clock budget 1200 s).
CREM calibrations: 10/48
CREM calibrations: 20/48
CREM calibrations: 30/48
CREM calibrations: 40/48
CREM calibrations: 48/48
Running 48 CREM collapse calibrations on 4 workers (per-event wall-clock budget 1200 s).
CREM calibrations: 10/48
CREM calibrations: 20/48
CREM calibrations: 30/48
CREM calibrations: 40/48
CREM calibrations: 48/48

 idx    t_para(ps)     t_ortho(ps)    ratio    photons para/ortho
   0     181.001353      180.996877 0.99997527        1 /     1
   1     56.5120078      56.5280438 1.00028376        1 /     1
   2     110.844241      110.887092 1.00038659        1 /     1
   3      45.606756       45.2831060.992903464        2 /     2
   4     101.714975      101.763872 1.00048073        1 /     1
   5     150.200235      150.206581 1.00004225        1 /     1
   6     165.487052      165.517725 1.00018535        1 /     1
   7      121.02042      121.0073420.999891936        1 /     1
   8     43.5299043      43.9334966 1.00927161        2 /     2
   9     50.9142505      48.40932760.950801144        2 /     2
  10     152.800354      152.806214 1.00003835        1 /     1
  11     166.127637      166.141811 1.00008532        1 /     1
  12     96.7992649       96.801736 1.00002553        1 /     1
  13     136.226218      136.246058 1.00014564        1 /     1
  14     108.889269       57.9431750.532129343        2 /     2
  15     71.0108034      70.99435510.999768369        1 /     1
  16     94.5176119      94.6392131 1.00128655        1 /     1
  17     85.1448863      85.14092880.999953521        1 /     1
  18      52.867127      52.35527980.990318234        2 /     2
  19     122.223229       122.216820.999947564        1 /     1
  20     137.458992      137.483035 1.00017491        1 /     1
  21     150.975675      150.9565240.999873151        1 /     1
  22       86.80018      86.8044778 1.00004951        1 /     1
  24     51.0539966      53.0007188 1.03813065        2 /     2
  25     44.1045979       44.871792 1.01739488        2 /     2
  26     43.7827357      43.6978422 0.99806103        2 /     2
  27     48.8125357      47.39162540.970890464        2 /     2
  28     133.940984      133.945657 1.00003489        1 /     1
  29     175.015058      175.010789 0.99997561        1 /     1
  30      93.508195      93.50311740.999945699        1 /     1
  31     126.083498      126.0780870.999957085        1 /     1
  32     164.134542       164.13803 1.00002125        1 /     1
  33     49.9202085      49.82000410.997992709        2 /     2
  34     159.282412      159.292447   1.000063        1 /     1
  35     182.379568      182.380369 1.00000439        1 /     1
  36     138.458534      138.4494990.999934745        1 /     1
  37     55.2528874      55.5320159 1.00505183        1 /     1
  38     124.164307      124.166464 1.00001737        1 /     1
  39     47.5784599      47.22679830.992608807        2 /     2
  40     141.696695      141.702243 1.00003916        1 /     1
  41     157.976378       157.961850.999908035        1 /     1
  42     61.3583712      61.6686809 1.00505733        3 /     3
  43     80.2493349      80.23439060.999813777        1 /     1
  44     45.1131545      45.2628294 1.00331777        2 /     2
  45     44.0077728      44.9366384 1.02110685        2 /     2
  46      164.02928      164.0263190.999981951        1 /     1
  47     127.466284      127.4577930.999933391        1 /     1

 branch diagnosis (both channels, every trajectory)
 idx ch  t(ps)         stop      peri/barrier  period/lightcross  a_term(m)      bind(eV)   revolutions   photons  E_emitted(J)
   0  p    181.001353   barrier   0.111811006         1163236.31 3.52782984e-11  20.4086452        595466        1 2.17987407e-18
   0  o    180.996877   barrier   0.128060803         1157647.17 3.52783737e-11  20.4086016        595451        1   2.179871e-18
   1  p    56.5120078    closed    106.615333         379.952104 2.06091211e-11  34.9351275        185845        1 4.50724113e-18
   1  o    56.5280438    closed    106.723382         380.144587 2.06300075e-11  34.8997583        185912        1 4.50157494e-18
   2  p    110.844241    closed    14.5694893         6210.84312 3.52780361e-11  20.4087969        364660        1 2.17989831e-18
   2  o    110.887092    closed    14.6735179         6194.29226 3.52783091e-11   20.408639        364801        1 2.17987237e-18
   3  p     45.606756    closed    109.491347         385.042715 2.11650648e-11   34.017485        304979        2 4.36030593e-18
   3  o     45.283106    closed    109.516841         385.002719  2.1160672e-11  34.0245467        304998        2 4.36150213e-18
   4  p    101.714975    closed    19.2175009         4723.11678 3.52782896e-11  20.4086502        334626        1 2.17987237e-18
   4  o    101.763872    closed    19.2789135          4712.1292 3.52782593e-11  20.4086678        334787        1 2.17987236e-18
   5  p    150.200235    closed    2.81029738         14498.6296 2.11667671e-11  34.0147493        494135        1 4.35976666e-18
   5  o    150.206581    closed     2.8011059         14513.4455 2.11668658e-11  34.0145906        494156        1 4.35974413e-18
   6  p    165.487052   barrier   0.848488746         97429.3557 3.52783045e-11  20.4086416        544426        1  2.1798694e-18
   6  o    165.517725   barrier   0.865712372         97186.6718 3.52783623e-11  20.4086082        544527        1 2.17987007e-18
   7  p     121.02042    closed    10.4153667         8666.31078 3.52783633e-11  20.4086076        398138        1 2.17987237e-18
   7  o    121.007342    closed    10.5131848         8651.10235 3.52783127e-11  20.4086369        398095        1 2.17987237e-18
   8  p    43.5299043    closed    72.4159491         313.138381 1.39982592e-11  51.4337006        326682        2 7.15053077e-18
   8  o    43.9334966    closed    71.3049159         312.652254 1.39548301e-11  51.5937685        327348        2 7.17622439e-18
   9  p    50.9142505    closed    35.8831846         562.497445 1.29427548e-11  55.6282096        349724        2 7.82249987e-18
   9  o    48.4093276    closed     34.742445         587.723204  1.3067032e-11  55.0991438        351811        2 7.73776979e-18
  10  p    152.800354    closed     2.6890856         10227.3934 1.51190263e-11  47.6209419        502689        1 6.53963761e-18
  10  o    152.806214    closed    2.60632798         10157.2204 1.51191257e-11  47.6206288        502708        1 6.53959838e-18
  11  p    166.127637   barrier   0.747703399          103528.09 3.52782724e-11  20.4086602        546534        1 2.17987732e-18
  11  o    166.141811   barrier   0.938040912         103247.794 3.52782164e-11  20.4086926        546581        1 2.17988275e-18
  12  p    96.7992649    closed    37.6585236          267.13654 8.14083317e-12  88.4408584        318454        1 1.30793248e-17
  12  o     96.801736    closed    37.6446688         267.052173 8.14088636e-12  88.4402806        318462        1 1.30792364e-17
  13  p    136.226218    closed    5.92937803         7193.82307 2.11667396e-11  34.0147933        448163        1 4.35977106e-18
  13  o    136.246058    closed    6.01092521         7127.65146 2.11668623e-11  34.0145962        448228        1 4.35974485e-18
  14  p    108.889269    closed    17.4114035         1725.88861 1.68812597e-11  42.6497956        389931        2 5.74317052e-18
  14  o     57.943175    closed    18.3199298         1598.91289 1.65781114e-11  43.4296921        384822        2 5.86822003e-18
  15  p    71.0108034    closed    44.0870244         2057.82956 3.52782785e-11  20.4086567        233610        1 2.17987236e-18
  15  o    70.9943551    closed    44.0476157         2058.96663 3.52784262e-11  20.4085713        233559        1 2.17987238e-18
  16  p    94.5176119    closed     25.093103         1680.10337 2.11668639e-11  34.0145935        310948        1 4.35974473e-18
  16  o    94.6392131    closed    25.2648122         1670.85129 2.11668587e-11   34.014602        311348        1 4.35974473e-18
  17  p    85.1448863    closed    32.8329793         1284.56218 2.11668593e-11   34.014601        280112        1 4.35974474e-18
  17  o    85.1409288    closed    32.7502282         1285.96493 2.11671115e-11  34.0141958        280100        1 4.35969109e-18
  18  p     52.867127    closed    30.3254791         725.534977 1.37096406e-11  52.5164952        351001        2 7.32420018e-18
  18  o    52.3552798    closed    30.2941196         726.543649 1.37156419e-11  52.4935166        351585        2 7.32055138e-18
  19  p    122.223229    closed    10.3017482         4129.06281 2.11668631e-11  34.0145949        402095        1 4.35974471e-18
  19  o     122.21682    closed    10.2740461         4122.65389 2.11668097e-11  34.0146808        402074        1  4.3597584e-18
  20  p    137.458992    closed    5.44407454         16489.5902 3.52784287e-11  20.4085698        452218        1 2.17986772e-18
  20  o    137.483035    closed    5.53477456         16516.9086  3.5278072e-11  20.4087761        452298        1 2.17989499e-18
  21  p    150.975675    closed    2.86665527         32871.0116 3.52783468e-11  20.4086171        496686        1 2.17987041e-18
  21  o    150.956524    closed    2.77833384         32910.5272 3.52783592e-11    20.40861        496623        1 2.17986895e-18
  22  p      86.80018    closed    52.7393761         269.227435 1.03475978e-11  69.5796538        285558        1   1.005765e-17
  22  o    86.8044778    closed    51.8068695         269.180098 1.03439594e-11   69.604128        285573        1 1.00615663e-17
  23  p             0   barrier   0.186594257         2711570.94 1.05835442e-10  6.80284658             0        0              0
  23  o             0   barrier  0.0493485383         2711570.94 1.05835442e-10  6.80284658             0        0              0
  24  p    51.0539966    closed    28.2556787         808.012276  1.4063307e-11  51.1958014        353145        2 7.11253287e-18
  24  o    53.0007188    closed    24.2246639         1030.28028 1.49118973e-11  48.2824055        366946        2 6.64583061e-18
  25  p    44.1045979    closed     100.16811         368.284429 1.93628126e-11  37.1837651        308479        2 4.86755447e-18
  25  o     44.871792    closed    99.0475875         367.417052 1.92717139e-11  37.3595353        309832        2 4.89571698e-18
  26  p    43.7827357    closed     77.494022         323.931356 1.49798508e-11   48.063381        321041        2 6.61058878e-18
  26  o    43.6978422    closed    77.3718218         323.676044 1.49562467e-11  48.1392348        321571        2 6.62273644e-18
  27  p    48.8125357    closed    43.0817118         433.693243 1.22924859e-11  58.5709254        341097        2 8.29402532e-18
  27  o    47.3916254    closed     42.920594         435.842083 1.23031218e-11  58.5202913        341981        2 8.28602357e-18
  28  p    133.940984    closed    6.36443169         14193.5429 3.52781429e-11  20.4087351        440645        1 2.17989131e-18
  28  o    133.945657    closed    6.37965736         14217.3421 3.52783659e-11  20.4086061        440660        1  2.1798684e-18
  29  p    175.015058   barrier   0.153799692         149170.213 2.11666582e-11  34.0149242        575774        1 4.35979727e-18
  29  o    175.010789   barrier  0.0636925776         149008.593 2.11668488e-11  34.0146179        575758        1 4.35974874e-18
  30  p     93.508195    closed    24.4200645         3716.88718 3.52782429e-11  20.4086773        307627        1 2.17987237e-18
  30  o    93.5031174    closed    24.3879491         3717.02185 3.52786423e-11  20.4084462        307610        1 2.17985156e-18
  31  p    126.083498    closed    8.63505946         10419.0958 3.52779058e-11  20.4088723        414795        1 2.17991166e-18
  31  o    126.078087    closed    8.71046381         10422.0546 3.52782773e-11  20.4086573        414777        1 2.17987529e-18
  32  p    164.134542   barrier   0.850452006         85234.6107 3.52782745e-11   20.408659        539977        1 2.17987699e-18
  32  o     164.13803    closed    1.24702997          85262.913 3.52783753e-11  20.4086007        539988        1 2.17986956e-18
  33  p    49.9202085    closed    133.690443         425.470202 2.58428357e-11  27.8600337        300287        2 3.37370253e-18
  33  o    49.8200041    closed    131.343039         424.612083 2.57386973e-11   27.972755        301200        2 3.39180134e-18
  34  p    159.282412    closed    1.62598575         57246.4161 3.52784296e-11  20.4085693        524013        1 2.17986372e-18
  34  o    159.292447    closed    1.72835503         57298.1796 3.52783231e-11  20.4086308        524047        1 2.17987302e-18
  35  p    182.379568   barrier  0.0307268253         1740674.43 3.52781886e-11  20.4087087        600001        1 2.17988375e-18
  35  o    182.380369   barrier   0.107798079         1726429.91 3.52785739e-11  20.4084858        600001        1 2.17985502e-18
  36  p    138.458534    closed    5.26899439         17206.9116  3.5278224e-11  20.4086882        455507        1 2.17988599e-18
  36  o    138.449499    closed    5.30687316         17211.0914 3.52783079e-11  20.4086396        455477        1 2.17987348e-18
  37  p    55.2528874    closed    109.323935          384.74824 2.11327036e-11  34.0695771        181770        1 4.36855295e-18
  37  o    55.5320159    closed    110.169764         386.233676  2.1296197e-11  33.8080209        182687        1 4.32664463e-18
  38  p    124.164307    closed    9.56123527         4436.04233 2.11666786e-11  34.0148915        408481        1 4.35977827e-18
  38  o    124.166464    closed    9.37050065         4436.58548 2.11669614e-11   34.014437        408488        1 4.35972376e-18
  39  p    47.5784599    closed     121.85379         406.198676 2.35547684e-11  30.5663067        301953        2 3.80731663e-18
  39  o    47.2267983    closed    120.432569         406.683276 2.36110042e-11  30.4935049        301240        2 3.79576929e-18
  40  p    141.696695    closed    4.67839231          20064.414 3.52782114e-11  20.4086955        466160        1 2.17988284e-18
  40  o    141.702243    closed    4.37064303         20069.0259 3.52782688e-11  20.4086623        466178        1 2.17987708e-18
  41  p    157.976378    closed    1.40442362         23946.8161 2.11669287e-11  34.0144895        519717        1 4.35973327e-18
  41  o     157.96185    closed    1.83729509         23861.0435 2.11669369e-11  34.0144764        519669        1 4.35972572e-18
  42  p    61.3583712    closed    132.333202         423.304931   2.558047e-11  28.1457797        459641        3 3.41952362e-18
  42  o    61.6686809    closed    132.839446         424.107807 2.56775983e-11  28.0393153        460054        3 3.40267525e-18
  43  p    80.2493349    closed    43.8910251          579.83371 1.51189344e-11  47.6212315        264007        1 6.53968933e-18
  43  o    80.2343906    closed    43.8119571         579.975582 1.51189512e-11  47.6211785        263958        1 6.53968679e-18
  44  p    45.1131545    closed    105.108341          379.09447 2.05161875e-11  35.0933755        306801        2 4.53265829e-18
  44  o    45.2628294    closed    104.656492         378.819396 2.04864248e-11  35.1443593        307100        2 4.54087515e-18
  45  p    44.0077728    closed    96.3752529         361.244978 1.86296774e-11  38.6470606        310337        2 5.10196994e-18
  45  o    44.9366384    closed    92.8576992         356.813346 1.81753952e-11  39.6130189        315742        2 5.25672099e-18
  46  p     164.02928    closed    1.14365832         84380.7342 3.52784135e-11  20.4085786        539630        1   2.179866e-18
  46  o    164.026319    closed    1.00273871         84355.4807 3.52782433e-11   20.408677        539621        1 2.17987984e-18
  47  p    127.466284    closed    8.78484994         2004.39483 1.17591345e-11  61.2274889        419344        1 8.71955652e-18
  47  o    127.457793    closed    8.79591884         1997.75525 1.17592092e-11  61.2270999        419316        1 8.71949372e-18

complete pairs:        47 / 48
mean t_para:           105.277494 ps
mean t_ortho:          104.18764 ps
DIFFERENCE ortho-para: -1.08985401 +/- 1.0869046 ps   (1.00271358 sigma)
GEOMETRIC RATIO:       0.986503024,  95% CI [0.960703743, 1.01299513]
SIGN TEST:             ortho longer in 25 of 47,  exact p = 0.770866995
PHOTON COUNT DIFFERS:  0 of 48  (0%)

ANNIHILATION para : finite E[T] in 47, no contact ever (infinite) 0; mean 6476.67318 ps, median 259.999479 ps, min 133.548205 max 61540.9934 ps
ANNIHILATION ortho: finite E[T] in 47, no contact ever (infinite) 0; mean 13849.3859 ps, median 560.966946 ps, min 152.449581 max 211227.242 ps
ANNIHILATION tau_ortho/tau_para (ensemble means) = 2.13834874   measured: 125.14 ps, 142.04 ns, ratio 1135.0
 idx  E[T]_para(ps)  E[T]_ortho(ps)  n0_para(m^-3)  S_stop_p  S_stop_o
   0     181.024804      181.027222 7.32536797e+230.9999965730.999997509
   1     15482.5145      21770.1888  7.4733998e+250.9998926150.999929965
   2     296.224986      1404.68433 6.06455993e+240.9999863270.999997814
   3     19079.1983      20856.7982 3.86023116e+260.9995676960.999650818
   4     618.721853      896.348532 8.47660421e+240.9999770220.999988101
   5     150.547849      154.124271 1.72712075e+240.9999930990.999999538
   6     165.539086      165.577592 1.11742321e+240.9999946980.999996137
   7     166.544242      265.110586 4.27787606e+240.9999860620.999995385
   8     4663.88592      2706.72474 1.67652017e+270.9990391810.999130263
   9     1164.66367      888.846981 5.12910555e+270.9979718590.998722491
  10     152.978644      153.167241 1.59953358e+240.999992860.99999814
  11      166.17428      166.230621 1.09824923e+240.9999960690.999998194
  12     259.999479      281.137038 1.03001527e+250.9999739710.999977996
  13     141.030085      660.425703 2.62106412e+240.9999925410.999999947
  14      151.43914      560.966946 2.90258405e+280.9916745890.998260372
  15     6665.49244      10579.7424 3.27036984e+250.9999351090.999962966
  16     534.099973      2789.01239 1.13715205e+250.9999703270.999996304
  17     1160.40941      3438.85474 1.67105439e+250.9999622160.999993045
  18     411.120122      458.773004 7.85130982e+270.9971793820.997771196
  19     145.812081      156.012213 4.10185303e+240.9999882790.999991785
  20     142.594409      156.824526 2.52472473e+240.9999908930.999996141
  21     151.762713      152.449581 1.68756904e+240.9999938250.999997153
  22     589.453482      18019.2203 1.55214535e+250.9999675270.999999481
  23            nan             nan              0         1         1
  24     331.124997       584.66892 1.32034642e+280.9956970530.998986751
  25      24884.713      15880.4487 5.32298572e+260.9995342110.999608585
  26     4038.09561      5685.44358 1.35065817e+270.999203201 0.9994388
  27     1056.73224      1105.78971 4.07873313e+270.9981021470.998786892
  28     143.542479      268.603183 2.81250313e+240.9999918740.999999148
  29     175.029213      175.029628 8.61994778e+230.9999964820.999998027
  30     1045.43259      1257.59797 1.18351149e+250.9999687280.999980583
  31     153.366943      515.261945 3.61339757e+240.9999902340.99999911
  32     164.186109      164.516468 1.16270227e+240.9999945980.999999175
  33     49224.0116      211227.242 1.86529379e+260.9996774740.999947139
  34     159.419901      160.711585 1.32983028e+240.9999944720.999999654
  35     182.429577      182.412767 7.05896308e+230.9999971670.999997014
  36      143.48093      267.929132 2.45373475e+240.9999916560.999999601
  37     21757.4602      150614.157 8.07389558e+250.9998953450.999979786
  38     150.499843      153.260992 3.84344387e+240.999989230.999993784
  39     45564.0102      37826.5471 2.58579524e+260.9996730220.999724052
  40     144.547129      167.311733 2.22094379e+240.9999910490.999999029
  41     158.045033      158.124019 1.38197092e+240.9999944260.99999777
  42     61540.9934      70400.2785 1.51347595e+260.999525550.999799202
  43     1706.18253      3185.04277 2.11621102e+250.9999607240.999981986
  44     18886.9076      18244.9403 4.29748902e+260.9995733880.999639267
  45     19854.5413      45497.8618 6.06884313e+260.9995228440.999920269
  46     164.107229      164.103423 1.16615354e+240.999994980.999996615
  47     133.548205      171.605826 3.45942677e+240.9999897550.999998512
