paired para/ortho: 48 trajectories per channel, master seed 42, budget 1200 s, emission deterministic, level 1, floor off
Running 48 CREM collapse calibrations on 4 workers (per-event wall-clock budget 1200 s).
CREM calibrations: 10/48
CREM calibrations: 20/48
CREM calibrations: 30/48
CREM calibrations: 40/48
CREM calibrations: 48/48
Running 48 CREM collapse calibrations on 4 workers (per-event wall-clock budget 1200 s).
CREM calibrations: 10/48
CREM calibrations: 20/48
CREM calibrations: 30/48
CREM calibrations: 40/48
CREM calibrations: 48/48

 idx    t_para(ps)     t_ortho(ps)    ratio    photons para/ortho
   0     180.995543      180.9786020.999906401        1 /     1
   1     56.4997366      56.3641055 0.99759944        1 /     1
   2       110.8415      110.939067 1.00088024        1 /     1
   3     45.7699608      45.27216970.989124067        2 /     2
   4     101.716183      101.786348 1.00068981        1 /     1
   5     150.198379      150.205999 1.00005074        1 /     1
   6     165.496401      165.524668  1.0001708        1 /     1
   7     120.981201      121.119192  1.0011406        1 /     1
   8     42.8913255      42.9760907 1.00197628        2 /     2
   9     51.5649308      52.9489123 1.02683959        2 /     2
  10     152.808897      152.819498 1.00006937        1 /     1
  11     166.096732      166.153269 1.00034039        1 /     1
  12     96.7992119      96.9900691 1.00197168        1 /     1
  13      136.21865      136.244842 1.00019228        1 /     1
  14     131.356031      55.6928304 0.42398381        2 /     2
  15     71.0130539      71.4356501 1.00595096        1 /     1
  16     94.4954484      94.6920864 1.00208093        1 /     1
  17     85.1496953      85.2244583 1.00087802        1 /     1
  18     54.4300041      43.13143410.792420187        2 /     2
  19     122.217439      122.1639230.999562122        1 /     1
  20      137.46612      137.481376 1.00011097        1 /     1
  21      150.96885      150.997222 1.00018793        1 /     1
  22     86.7909973      86.8032576 1.00014126        1 /     1
  24     55.8426739      50.71142660.908112434        2 /     2
  25     44.1727933      45.7963313 1.03675425        2 /     2
  26     44.5214997      42.68457160.958740649        2 /     2
  27     50.8256441      53.1195853 1.04513354        2 /     2
  28     133.902478      133.952331 1.00037231        1 /     1
  29     175.001711      175.019957 1.00010426        1 /     1
  30     93.4982088      93.6707607 1.00184551        1 /     1
  31     126.085942      126.0768770.999928098        1 /     1
  32     164.131859      164.139495 1.00004653        1 /     1
  33     49.9137345      49.49728090.991656534        2 /     2
  34     159.290105      159.293974 1.00002429        1 /     1
  35     182.385182      182.388396 1.00001762        1 /     1
  36     138.439335      138.448595 1.00006689        1 /     1
  37     55.3350528      55.8309492 1.00896171        1 /     1
  38     124.154288      124.168274 1.00011265        1 /     1
  39     47.4705734      47.00103830.990108921        2 /     2
  40     141.696082      141.702551 1.00004565        1 /     1
  41     157.956827      157.9446690.999923029        1 /     1
  42     61.3893945      61.9196191 1.00863707        3 /     3
  43     80.2331508      80.22725780.999926551        1 /     1
  44     45.0059354      45.3706583 1.00810389        2 /     2
  45     44.0269441      43.92398780.997661515        2 /     2
  46     164.031429      164.036147 1.00002876        1 /     1
  47     127.439868      127.480591 1.00031955        1 /     1

 branch diagnosis (both channels, every trajectory)
 idx ch  t(ps)         stop      peri/barrier  period/lightcross  a_term(m)      bind(eV)   revolutions   photons  E_emitted(J)
   0  p    180.995543   barrier  0.0583489124         1167221.82 3.52782909e-11  20.4086495        595447        1 2.17987536e-18
   0  o    180.978602   barrier   0.436903976         1185814.49  3.5278324e-11  20.4086304        595391        1 2.17987237e-18
   1  p    56.4997366    closed    106.605826         380.205882 2.05750583e-11   34.992964        185723        1 4.51649245e-18
   1  o    56.3641055    closed    106.236531         379.276523 2.05357219e-11  35.0599934        185429        1 4.52723146e-18
   2  p      110.8415    closed    14.6534929         6211.47793 3.52783227e-11  20.4086311        364651        1 2.17987237e-18
   2  o    110.939067    closed    14.7336458         6174.29513 3.52783239e-11  20.4086304        364972        1 2.17987237e-18
   3  p    45.7699608    closed    109.235939         384.593364 2.11156935e-11  34.0970224        305505        2 4.37293051e-18
   3  o    45.2721697    closed     109.57263          385.18561  2.1180777e-11  33.9922504        304704        2 4.35619322e-18
   4  p    101.716183    closed    19.1971775         4719.53499 3.52783203e-11  20.4086325        334630        1 2.17987237e-18
   4  o    101.786348    closed    19.2885921         4708.33697  3.5278324e-11  20.4086303        334861        1 2.17987237e-18
   5  p    150.198379    closed    3.01855423         14500.6992 2.11668377e-11  34.0146358        494129        1 4.35974865e-18
   5  o    150.205999    closed    2.89474755         14521.1422 2.11668629e-11  34.0145952        494154        1 4.35974474e-18
   6  p    165.496401   barrier   0.890003576         97496.1503 3.52782497e-11  20.4086733        544457        1 2.17987245e-18
   6  o    165.524668    closed    1.33518425         96498.0915  3.5278324e-11  20.4086303        544550        1 2.17987237e-18
   7  p    120.981201    closed    10.4930224         8666.20724 3.52782245e-11  20.4086879        398009        1 2.17987499e-18
   7  o    121.119192    closed    10.5992508         8607.42455  3.5278324e-11  20.4086304        398463        1 2.17987237e-18
   8  p    42.8913255    closed    72.9242649         314.235398 1.40965115e-11  51.0752091        325001        2 7.09311482e-18
   8  o    42.9760907    closed     72.905152         314.194135 1.40928096e-11  51.0886255        325619        2 7.09528138e-18
   9  p    51.5649308    closed    37.4709123         527.183387 1.27660197e-11  56.3983363        343036        2  7.9459215e-18
   9  o    52.9489123    closed    26.9396932         868.730325  1.4309633e-11  50.3145171        367004        2 6.97123699e-18
  10  p    152.808897    closed    2.57479195         10224.9752 1.51189768e-11   47.621098        502718        1 6.53967405e-18
  10  o    152.819498    closed    2.71363334         10145.7685   1.511909e-11  47.6207413        502752        1 6.53961712e-18
  11  p    166.096732   barrier   0.579958798          103534.85 3.52783023e-11  20.4086429        546432        1 2.17987247e-18
  11  o    166.153269    closed    1.31654057         101959.318 3.52783239e-11  20.4086304        546618        1 2.17987238e-18
  12  p    96.7992119    closed    37.7575096         265.773495  8.1407242e-12  88.4420423        318454        1 1.30795187e-17
  12  o    96.9900691    closed    40.0839949         253.017917 8.14088767e-12  88.4402663        319082        1 1.30792342e-17
  13  p     136.21865    closed     5.8062705         7190.65802 2.11666233e-11  34.0149802        448138        1 4.35980634e-18
  13  o    136.244842    closed    6.01027005         7127.27542 2.11668628e-11  34.0145955        448224        1 4.35974477e-18
  14  p    131.356031    closed    16.2208147         1920.70833 1.73075802e-11  41.5992454        394232        2 5.57485008e-18
  14  o    55.6928304    closed    18.4559001         1581.04517 1.65339269e-11  43.5457517        380404        2 5.88697391e-18
  15  p    71.0130539    closed    44.0601943          2058.9999 3.52783241e-11  20.4086303        233616        1 2.17987237e-18
  15  o    71.4356501    closed    44.7210422         2029.43836 3.52783222e-11  20.4086314        235012        1 2.17987237e-18
  16  p    94.4954484    closed    25.1111683         1681.01674 2.11668446e-11  34.0146247        310875        1 4.35974473e-18
  16  o    94.6920864    closed    25.3233649         1667.15131 2.11668628e-11  34.0145954        311522        1 4.35974473e-18
  17  p    85.1496953    closed    32.8244805         1284.94768 2.11664223e-11  34.0153032        280128        1 4.35984511e-18
  17  o    85.2244583    closed    32.9338666         1280.82901 2.11668629e-11  34.0145953        280375        1 4.35974473e-18
  18  p    54.4300041    closed    30.4964875         719.714584 1.36838134e-11  52.6156161        349275        2 7.34002984e-18
  18  o    43.1314341    closed    32.7365083         641.534911 1.33255997e-11  54.0300092        323184        2 7.56649586e-18
  19  p    122.217439    closed    10.2848438         4129.36579  2.1166856e-11  34.0146063        402076        1 4.35974582e-18
  19  o    122.163923    closed    10.1694751         4148.99528 2.11668625e-11  34.0145958        401900        1 4.35974482e-18
  20  p     137.46612    closed    5.44462466         16504.4327 3.52779409e-11   20.408852        452242        1 2.17990668e-18
  20  o    137.481376    closed    5.53743973          16500.026 3.52783241e-11  20.4086303        452292        1 2.17987237e-18
  21  p     150.96885    closed    2.63917525         32842.0991 3.52779961e-11    20.40882        496664        1 2.17990158e-18
  21  o    150.997222    closed    2.97944187          32502.123 3.52783239e-11  20.4086304        496757        1 2.17987238e-18
  22  p    86.7909973    closed    53.5195935         269.200399 1.03455197e-11  69.5936306        285527        1 1.00598814e-17
  22  o    86.8032576    closed    51.9808292         269.130074 1.03401151e-11  69.6300055        285569        1 1.00657112e-17
  23  p             0   barrier   0.130751276         2711570.94 1.05835442e-10  6.80284658             0        0              0
  23  o             0   barrier   0.533974995         2711570.94 1.05835442e-10  6.80284658             0        0              0
  24  p    55.8426739    closed    22.5501044         1153.50189 1.53263093e-11  46.9768854        373363        2 6.43644692e-18
  24  o    50.7114266    closed    24.2688685         1028.34423 1.49050949e-11  48.3044409        366514        2 6.64923065e-18
  25  p    44.1727933    closed    98.9221983           367.9845 1.93312874e-11  37.2444038        308866        2 4.87724856e-18
  25  o    45.7963313    closed    96.4932735         361.465902 1.86524709e-11  38.5998336        316822        2 5.09439574e-18
  26  p    44.5214997    closed    77.4673846         323.875532 1.49746882e-11  48.0799511        321182        2 6.61323786e-18
  26  o    42.6845716    closed    77.3911623         323.716395  1.4959976e-11  48.1272346        321500        2 6.62081439e-18
  27  p    50.8256441    closed     40.797806         467.532909  1.2463252e-11   57.768412        345638        2 8.16540847e-18
  27  o    53.1195853    closed    28.2718789         806.328388  1.4056467e-11  51.2207138        364598        2 7.11643801e-18
  28  p    133.902478    closed    6.41516787         14209.0948 3.52783057e-11  20.4086409        440518        1 2.17987306e-18
  28  o    133.952331    closed    6.44076767         14185.2721 3.52783241e-11  20.4086303        440682        1 2.17987237e-18
  29  p    175.001711   barrier   0.287418622         149202.629 2.11668508e-11  34.0146147        575728        1 4.35974541e-18
  29  o    175.019957   barrier   0.728149001         145972.345 2.11668629e-11  34.0145953        575788        1 4.35974474e-18
  30  p    93.4982088    closed    24.4218983         3715.12266 3.52783215e-11  20.4086318        307594        1 2.17987237e-18
  30  o    93.6707607    closed    24.6561939         3684.61768 3.52783237e-11  20.4086305        308162        1 2.17987237e-18
  31  p    126.085942    closed    8.77492718         10422.4232 3.52779521e-11  20.4088455        414803        1 2.17990536e-18
  31  o    126.076877    closed    8.70498147         10425.4479 3.52783241e-11  20.4086303        414773        1 2.17987237e-18
  32  p    164.131859   barrier   0.991592826         85275.8151 3.52782773e-11  20.4086573        539968        1 2.17987431e-18
  32  o    164.139495    closed    1.17683292         85409.6274  3.5278324e-11  20.4086304        539993        1 2.17987237e-18
  33  p    49.9137345    closed    133.701363         425.487576 2.58449464e-11  27.8577584        300236        2 3.37333797e-18
  33  o    49.4972809    closed    132.190466         426.450317 2.59620363e-11  27.7321188        298222        2 3.35341638e-18
  34  p    159.290105    closed    1.32594878         57276.5044  3.5278135e-11  20.4087397        524040        1 2.17988944e-18
  34  o    159.293974    closed    1.67419263         57404.6496  3.5278324e-11  20.4086303        524052        1 2.17987237e-18
  35  p    182.385182   barrier  0.0641348483         1738075.79 3.52780495e-11  20.4087892        600019        1 2.17989406e-18
  35  o    182.388396   barrier  0.0234472228         1737266.86 3.52783241e-11  20.4086303        600029        1 2.17987237e-18
  36  p    138.439335    closed     5.3956364         17217.3208 3.52780467e-11  20.4087907        455444        1 2.17989229e-18
  36  o    138.448595    closed    5.25596133         17231.9345  3.5278324e-11  20.4086303        455474        1 2.17987237e-18
  37  p    55.3350528    closed    109.412581         384.903955 2.11498127e-11  34.0420165        182032        1 4.36412074e-18
  37  o    55.8309492    closed     111.02366         387.727168 2.14612123e-11  33.5480709        183675        1 4.28500092e-18
  38  p    124.154288    closed    9.48334541         4434.98238 2.11665764e-11  34.0150556        408448        1 4.35981682e-18
  38  o    124.168274    closed    9.51916986         4434.98021 2.11668629e-11  34.0145952        408494        1 4.35974473e-18
  39  p    47.4705734    closed    122.300716         406.942822  2.3641151e-11  30.4546202        301015        2 3.78940465e-18
  39  o    47.0010383    closed    120.860521         407.913302 2.37540447e-11  30.3098812        298772        2 3.76634671e-18
  40  p    141.696082    closed    4.68410415         20065.3217 3.52781756e-11  20.4087162        466158        1 2.17988172e-18
  40  o    141.702551    closed    4.35241229          20072.709  3.5278324e-11  20.4086304        466179        1 2.17987238e-18
  41  p    157.956827    closed    1.68885291         24005.8837 2.11668556e-11   34.014607        519653        1 4.35974645e-18
  41  o    157.944669    closed    1.91170335         24128.2747 2.11668629e-11  34.0145952        519613        1 4.35974474e-18
  42  p    61.3893945    closed    131.537411         423.555414 2.56107525e-11  28.1124998        459453        3 3.41413556e-18
  42  o    61.9196191    closed    128.312153         418.175313 2.49642565e-11  28.8405254        465831        3 3.53071948e-18
  43  p    80.2331508    closed    43.9390778         579.789889 1.51190857e-11   47.620755        263953        1  6.5396171e-18
  43  o    80.2272578    closed    43.7992546         580.863857   1.511909e-11  47.6207415        263935        1 6.53961714e-18
  44  p    45.0059354    closed    106.090054         379.014964 2.05075828e-11  35.1081003        306641        2 4.53503187e-18
  44  o    45.3706583    closed    105.548877          378.04703 2.04029714e-11  35.2881088        308459        2 4.56380987e-18
  45  p    44.0269441    closed    96.5609001         361.592659 1.86655552e-11  38.5727757        309938        2  5.0900622e-18
  45  o    43.9239878    closed    94.2421552         360.289348 1.85312425e-11  38.8523475        311431        2 5.13487074e-18
  46  p    164.031429   barrier    0.73219662          84377.304 3.52780798e-11  20.4087716        539638        1 2.17989398e-18
  46  o    164.036147    closed    1.44322078         83762.2595  3.5278324e-11  20.4086303        539653        1 2.17987237e-18
  47  p    127.439868    closed    8.79605511         2004.00627  1.1759141e-11  61.2274549        419257        1 8.71954149e-18
  47  o    127.480591    closed    8.85797723         1986.82473 1.17592151e-11  61.2270689        419391        1 8.71948954e-18

complete pairs:        47 / 48
mean t_para:           105.94717 ps
mean t_ortho:          104.092562 ps
DIFFERENCE ortho-para: -1.85460869 +/- 1.62828121 ps   (1.13899779 sigma)
GEOMETRIC RATIO:       0.976620387,  95% CI [0.940937758, 1.01365619]
SIGN TEST:             ortho longer in 33 of 47,  exact p = 0.00794272651
PHOTON COUNT DIFFERS:  0 of 48  (0%)

ANNIHILATION para : finite E[T] in 47, no contact ever (infinite) 0; mean 5420.9681 ps, median 233.107578 ps, min 133.179003 max 50907.2651 ps
ANNIHILATION ortho: finite E[T] in 47, no contact ever (infinite) 0; mean 4668396.91 ps, median 70065.783 ps, min 185.209231 max 52676453 ps
ANNIHILATION tau_ortho/tau_para (ensemble means) = 861.174024   measured: 125.14 ps, 142.04 ns, ratio 1135.0
 idx  E[T]_para(ps)  E[T]_ortho(ps)  n0_para(m^-3)  S_stop_p  S_stop_o
   0     181.017591      205.939542 7.32536797e+230.9999960970.999999996
   1     15289.5333      16312009.7  7.4733998e+250.9998737950.999999887
   2     314.545294      157538.813 6.06455993e+240.9999799120.999999982
   3     22759.7755      5567740.17 3.86023116e+260.9995342760.999999568
   4     460.236958      398980.328 8.47660421e+240.9999742710.999999977
   5     150.544571      465.930871 1.72712075e+240.9999924340.999999993
   6     165.548977      209.876108 1.11742321e+240.999994470.999999995
   7     173.408911      50408.0415 4.27787606e+240.9999846780.999999986
   8      3149.1951       1391567.7 1.67652017e+270.9987942340.999998898
   9     601.687045      273512.438 5.12910555e+270.9973470010.999997152
  10     152.956353      274.415072 1.59953358e+240.9999933260.999999993
  11     166.135167      207.124368 1.09824923e+240.9999945450.999999995
  12     233.107578      157475.097 1.03001527e+250.9999732250.999999973
  13     139.025302      3350.25304 2.62106412e+240.9999900230.99999999
  14     134.584268       61096.844 2.90258405e+280.9901511140.999991875
  15     6615.53155      6858180.43 3.27036984e+250.9999305150.999999937
  16     621.469909       439729.63 1.13715205e+250.9999687580.999999971
  17     1230.95471       1044898.8 1.67105439e+250.9999603810.999999962
  18     397.804484       433481.59 7.85130982e+270.9964663410.999996865
  19     141.210064      20285.3589 4.10185303e+240.9999850390.999999987
  20     142.549623      5608.71762 2.52472473e+240.999990410.999999991
  21     151.516075      756.120679 1.68756904e+240.9999931320.999999993
  22      579.12971      528346.791 1.55214535e+250.9999604810.999999964
  23            nan             nan              0         1         1
  24     236.834317       70065.783 1.32034642e+280.9947534590.999995414
  25     11302.8489      10084603.4 5.32298572e+260.9994284490.999999471
  26     3657.34389      690841.528 1.35065817e+270.9989525260.999999037
  27     831.031882      307171.128 4.07873313e+270.9977215790.999997435
  28     143.935603      9252.64877 2.81250313e+240.9999887950.99999999
  29     175.014323      185.209231 8.61994778e+230.9999956350.999999996
  30     978.456772      921628.497 1.18351149e+250.9999669360.99999997
  31     157.779284      26191.1096 3.61339757e+240.9999882430.999999988
  32     164.190161      218.123721 1.16270227e+240.9999944770.999999995
  33     50907.2651        52676453 1.86529379e+260.9996550480.999999687
  34     159.403311      283.175427 1.32983028e+240.9999943490.999999994
  35     182.412778      208.318783 7.05896308e+230.9999966780.999999997
  36     144.293326      4867.17721 2.45373475e+240.9999909190.999999991
  37     19319.5547        20333913 8.07389558e+250.9998663930.999999879
  38      139.20875      16190.8327 3.84344387e+240.9999867250.999999987
  39     32798.2285      33777051.4 2.58579524e+260.9996163970.999999648
  40     144.645849      2983.97991 2.22094379e+240.9999911340.999999992
  41     158.023849      231.719448 1.38197092e+240.9999934920.999999994
  42     45249.4398      43303269.8 1.51347595e+260.9995369190.999999566
  43     1595.24827      1290222.94 2.11621102e+250.9999495580.999999954
  44     20956.7724      12426107.7 4.29748902e+260.9994914820.999999539
  45     11134.8393      9761151.74 6.06884313e+260.9993772550.999999439
  46     164.082482      219.887747 1.16615354e+240.9999948990.999999995
  47     133.179003      5012.67628 3.45942677e+240.9999870480.999999988
