paired para/ortho: 48 trajectories per channel, master seed 42, budget 1200 s, emission deterministic, level 1, floor off
Running 48 CREM collapse calibrations on 4 workers (per-event wall-clock budget 1200 s).
CREM calibrations: 10/48
CREM calibrations: 20/48
CREM calibrations: 30/48
CREM calibrations: 40/48
CREM calibrations: 48/48
Running 48 CREM collapse calibrations on 4 workers (per-event wall-clock budget 1200 s).
CREM calibrations: 10/48
CREM calibrations: 20/48
CREM calibrations: 30/48
CREM calibrations: 40/48
CREM calibrations: 48/48

 idx    t_para(ps)     t_ortho(ps)    ratio    photons para/ortho
   0 0.000303965968  0.000303965968          1        0 /     0
   1 0.000303965968  0.000303965968          1        0 /     0
   2 0.000303965968  0.000303965968          1        0 /     0
   3 0.000303965968  0.000303965968          1        0 /     0
   4 0.000303965968  0.000303965968          1        0 /     0
   5 0.000303965968  0.000303965968          1        0 /     0
   6 0.000303965968  0.000303965968          1        0 /     0
   7 0.000303965968  0.000303965968          1        0 /     0
   8 0.000303965968  0.000303965968          1        0 /     0
   9 0.000303965968  0.000303965968          1        0 /     0
  10 0.000303965968  0.000303965968          1        0 /     0
  11 0.000303965968  0.000303965968          1        0 /     0
  12 0.000303965968  0.000303965968          1        0 /     0
  13 0.000303965968  0.000303965968          1        0 /     0
  14 0.000303965968  0.000303965968          1        0 /     0
  15 0.000303965968  0.000303965968          1        0 /     0
  16 0.000303965968  0.000303965968          1        0 /     0
  17 0.000303965968  0.000303965968          1        0 /     0
  18 0.000303965968  0.000303965968          1        0 /     0
  19 0.000303965968  0.000303965968          1        0 /     0
  20 0.000303965968  0.000303965968          1        0 /     0
  21 0.000303965968  0.000303965968          1        0 /     0
  22 0.000303965968  0.000303965968          1        0 /     0
  24 0.000303965968  0.000303965968          1        0 /     0
  25 0.000303965968  0.000303965968          1        0 /     0
  26 0.000303965968  0.000303965968          1        0 /     0
  27 0.000303965968  0.000303965968          1        0 /     0
  28 0.000303965968  0.000303965968          1        0 /     0
  29 0.000303965968  0.000303965968          1        0 /     0
  30 0.000303965968  0.000303965968          1        0 /     0
  31 0.000303965968  0.000303965968          1        0 /     0
  32 0.000303965968  0.000303965968          1        0 /     0
  33 0.000303965968  0.000303965968          1        0 /     0
  34 0.000303965968  0.000303965968          1        0 /     0
  35 0.000303965968  0.000303965968          1        0 /     0
  36 0.000303965968  0.000303965968          1        0 /     0
  37 0.000303965968  0.000303965968          1        0 /     0
  38 0.000303965968  0.000303965968          1        0 /     0
  39 0.000303965968  0.000303965968          1        0 /     0
  40 0.000303965968  0.000303965968          1        0 /     0
  41 0.000303965968  0.000303965968          1        0 /     0
  42 0.000303965968  0.000303965968          1        0 /     0
  43 0.000303965968  0.000303965968          1        0 /     0
  44 0.000303965968  0.000303965968          1        0 /     0
  45 0.000303965968  0.000303965968          1        0 /     0
  46 0.000303965968  0.000303965968          1        0 /     0
  47 0.000303965968  0.000303965968          1        0 /     0

 branch diagnosis (both channels, every trajectory)
 idx ch  t(ps)         stop      peri/barrier  period/lightcross  a_term(m)      bind(eV)   revolutions   photons  E_emitted(J)
   0  p0.000303965968    closed    451.620342         1043.86034 1.05835442e-10  6.80284658             1        0              0
   0  o0.000303965968    closed     451.55269         1043.86034 1.05835442e-10  6.80284658             1        0              0
   1  p0.000303965968    closed    93.5569715         5039.44908 1.05835442e-10  6.80284658             1        0              0
   1  o0.000303965968    closed     93.506181         5039.44912 1.05835442e-10  6.80284658             1        0              0
   2  p0.000303965968    closed    200.598482         2350.01013 1.05835442e-10  6.80284658             1        0              0
   2  o0.000303965968    closed    200.605186         2350.01012 1.05835442e-10  6.80284658             1        0              0
   3  p0.000303965968    closed    57.7961051         8156.29387 1.05835442e-10  6.80284658             1        0              0
   3  o0.000303965968    closed    57.8178225            8156.29 1.05835442e-10  6.80284658             1        0              0
   4  p0.000303965968    closed    180.539645         2611.10182 1.05835442e-10  6.80284658             1        0              0
   4  o0.000303965968    closed    180.550654         2611.10184 1.05835442e-10  6.80284658             1        0              0
   5  p0.000303965968    closed    306.187791          1539.6342 1.05835442e-10  6.80284658             1        0              0
   5  o0.000303965968    closed    306.203099          1539.6342 1.05835442e-10  6.80284658             1        0              0
   6  p0.000303965968    closed    363.450968         1297.05625 1.05835442e-10  6.80284658             1        0              0
   6  o0.000303965968    closed    363.437561         1297.05625 1.05835442e-10  6.80284658             1        0              0
   7  p0.000303965968    closed    224.394148         2100.82562 1.05835442e-10  6.80284658             1        0              0
   7  o0.000303965968    closed    224.389599         2100.82562 1.05835442e-10  6.80284658             1        0              0
   8  p0.000303965968    closed    37.7280233         12490.9967 1.05835442e-10  6.80284658             1        0              0
   8  o0.000303965968    closed    37.7613849         12490.9995 1.05835442e-10  6.80284658             1        0              0
   9  p0.000303965968    closed     27.320608         17254.0361 1.05835442e-10  6.80284658             1        0              0
   9  o0.000303965968    closed    27.2970276         17253.9705 1.05835442e-10  6.80284658             1        0              0
  10  p0.000303965968    closed    315.049075         1496.31325 1.05835442e-10  6.80284658             1        0              0
  10  o0.000303965968    closed    315.057772         1496.31325 1.05835442e-10  6.80284658             1        0              0
  11  p0.000303965968    closed    366.166338         1287.42789 1.05835442e-10  6.80284658             1        0              0
  11  o0.000303965968    closed    366.169016         1287.42789 1.05835442e-10  6.80284658             1        0              0
  12  p0.000303965968    closed    169.935439         2774.05472 1.05835442e-10  6.80284658             1        0              0
  12  o0.000303965968    closed    169.932111         2774.05472 1.05835442e-10  6.80284658             1        0              0
  13  p0.000303965968    closed    264.151863         1784.63204 1.05835442e-10  6.80284658             1        0              0
  13  o0.000303965968    closed    264.146733         1784.63204 1.05835442e-10  6.80284658             1        0              0
  14  p0.000303965968    closed    16.5519892         28436.3227 1.05835442e-10  6.80284658             1        0              0
  14  o0.000303965968    closed    16.6173372         28438.0601 1.05835442e-10  6.80284658             1        0              0
  15  p0.000303965968    closed    119.614557          3940.9648 1.05835442e-10  6.80284658             1        0              0
  15  o0.000303965968    closed     119.62358         3940.96493 1.05835442e-10  6.80284658             1        0              0
  16  p0.000303965968    closed    164.819113         2860.14109 1.05835442e-10  6.80284658             1        0              0
  16  o0.000303965968    closed    164.823942         2860.14108 1.05835442e-10  6.80284658             1        0              0
  17  p0.000303965968    closed    146.490136          3217.9862 1.05835442e-10  6.80284658             1        0              0
  17  o0.000303965968    closed    146.502001         3217.98624 1.05835442e-10  6.80284658             1        0              0
  18  p0.000303965968    closed    24.1914289         19508.3712 1.05835442e-10  6.80284658             1        0              0
  18  o0.000303965968    closed     24.094222         19508.2569 1.05835442e-10  6.80284658             1        0              0
  19  p0.000303965968    closed     227.49416         2072.26078 1.05835442e-10  6.80284658             1        0              0
  19  o0.000303965968    closed    227.463909         2072.26078 1.05835442e-10  6.80284658             1        0              0
  20  p0.000303965968    closed     267.56781         1761.84529 1.05835442e-10  6.80284658             1        0              0
  20  o0.000303965968    closed    267.580804         1761.84529 1.05835442e-10  6.80284658             1        0              0
  21  p0.000303965968    closed    308.817678         1526.51243 1.05835442e-10  6.80284658             1        0              0
  21  o0.000303965968    closed    308.813207         1526.51243 1.05835442e-10  6.80284658             1        0              0
  22  p0.000303965968    closed    149.829488         3146.40637 1.05835442e-10  6.80284658             1        0              0
  22  o0.000303965968    closed     149.84283         3146.40635 1.05835442e-10  6.80284658             1        0              0
  23  p             0   barrier   0.130751276         2711570.94 1.05835442e-10  6.80284658             0        0              0
  23  o             0   barrier   0.533974995         2711570.94 1.05835442e-10  6.80284658             0        0              0
  24  p0.000303965968    closed    20.7950049         22661.8744 1.05835442e-10  6.80284658             1        0              0
  24  o0.000303965968    closed    20.8361115         22661.7578 1.05835442e-10  6.80284658             1        0              0
  25  p0.000303965968    closed    52.6286933         8955.81925 1.05835442e-10  6.80284658             1        0              0
  25  o0.000303965968    closed    52.6407994         8955.82538 1.05835442e-10  6.80284658             1        0              0
  26  p0.000303965968    closed    40.1856543          11733.537 1.05835442e-10  6.80284658             1        0              0
  26  o0.000303965968    closed    40.1981153         11733.5405 1.05835442e-10  6.80284658             1        0              0
  27  p0.000303965968    closed    29.1844158         16149.9751 1.05835442e-10  6.80284658             1        0              0
  27  o0.000303965968    closed    29.1730933         16149.9242 1.05835442e-10  6.80284658             1        0              0
  28  p0.000303965968    closed    257.882066         1828.01453 1.05835442e-10  6.80284658             1        0              0
  28  o0.000303965968    closed    257.894166         1828.01453 1.05835442e-10  6.80284658             1        0              0
  29  p0.000303965968    closed    410.350269         1148.80415 1.05835442e-10  6.80284658             1        0              0
  29  o0.000303965968    closed    410.358677         1148.80415 1.05835442e-10  6.80284658             1        0              0
  30  p0.000303965968    closed     162.80419         2895.56365 1.05835442e-10  6.80284658             1        0              0
  30  o0.000303965968    closed    162.800605         2895.56363 1.05835442e-10  6.80284658             1        0              0
  31  p0.000303965968    closed    237.153643         1987.79795 1.05835442e-10  6.80284658             1        0              0
  31  o0.000303965968    closed     237.16719         1987.79795 1.05835442e-10  6.80284658             1        0              0
  32  p0.000303965968    closed    357.380139         1319.09985 1.05835442e-10  6.80284658             1        0              0
  32  o0.000303965968    closed    357.397497         1319.09985 1.05835442e-10  6.80284658             1        0              0
  33  p0.000303965968    closed    71.4854991         6595.40797 1.05835442e-10  6.80284658             1        0              0
  33  o0.000303965968    closed    71.4411539         6595.40739 1.05835442e-10  6.80284658             1        0              0
  34  p0.000303965968    closed    338.314783         1393.42874 1.05835442e-10  6.80284658             1        0              0
  34  o0.000303965968    closed    338.331263         1393.42874 1.05835442e-10  6.80284658             1        0              0
  35  p0.000303965968    closed    463.882531         1016.23508 1.05835442e-10  6.80284658             1        0              0
  35  o0.000303965968    closed    463.911866         1016.23508 1.05835442e-10  6.80284658             1        0              0
  36  p0.000303965968    closed    270.212971         1744.60736 1.05835442e-10  6.80284658             1        0              0
  36  o0.000303965968    closed    270.227274         1744.60736 1.05835442e-10  6.80284658             1        0              0
  37  p0.000303965968    closed     91.428196         5155.88403 1.05835442e-10  6.80284658             1        0              0
  37  o0.000303965968    closed     91.428824         5155.88353 1.05835442e-10  6.80284658             1        0              0
  38  p0.000303965968    closed    232.383896         2028.59397 1.05835442e-10  6.80284658             1        0              0
  38  o0.000303965968    closed    232.397004         2028.59397 1.05835442e-10  6.80284658             1        0              0
  39  p0.000303965968    closed    64.9729098         7256.54584 1.05835442e-10  6.80284658             1        0              0
  39  o0.000303965968    closed    64.9292599           7256.545 1.05835442e-10  6.80284658             1        0              0
  40  p0.000303965968    closed    279.756759         1685.11785 1.05835442e-10  6.80284658             1        0              0
  40  o0.000303965968    closed    279.770483         1685.11785 1.05835442e-10  6.80284658             1        0              0
  41  p0.000303965968    closed    333.220572         1414.74458 1.05835442e-10  6.80284658             1        0              0
  41  o0.000303965968    closed    333.192608         1414.74458 1.05835442e-10  6.80284658             1        0              0
  42  p0.000303965968    closed    75.9880223         6203.44093 1.05835442e-10  6.80284658             1        0              0
  42  o0.000303965968    closed    76.0085475         6203.44149 1.05835442e-10  6.80284658             1        0              0
  43  p0.000303965968    closed    136.362056         3457.05257 1.05835442e-10  6.80284658             1        0              0
  43  o0.000303965968    closed    136.377489         3457.05251 1.05835442e-10  6.80284658             1        0              0
  44  p0.000303965968    closed      56.01005         8415.19786 1.05835442e-10  6.80284658             1        0              0
  44  o0.000303965968    closed    56.0325442         8415.19781 1.05835442e-10  6.80284658             1        0              0
  45  p0.000303965968    closed     50.673179         9303.78389 1.05835442e-10  6.80284658             1        0              0
  45  o0.000303965968    closed    50.6412279         9303.77913 1.05835442e-10  6.80284658             1        0              0
  46  p0.000303965968    closed     356.93328         1320.74237 1.05835442e-10  6.80284658             1        0              0
  46  o0.000303965968    closed    356.918297         1320.74237 1.05835442e-10  6.80284658             1        0              0
  47  p0.000303965968    closed    240.594928         1959.36994 1.05835442e-10  6.80284658             1        0              0
  47  o0.000303965968    closed     240.58757         1959.36994 1.05835442e-10  6.80284658             1        0              0

complete pairs:        47 / 48
mean t_para:           0.000303965968 ps
mean t_ortho:          0.000303965968 ps
DIFFERENCE ortho-para: -8.42125202e-16 +/- 5.31880304e-16 ps   (1.58329834 sigma)
GEOMETRIC RATIO:       1,  95% CI [1, 1]
SIGN TEST:             ortho longer in 3 of 47,  exact p = 2.46473064e-10
PHOTON COUNT DIFFERS:  0 of 48  (0%)

ANNIHILATION para : finite E[T] in 47, no contact ever (infinite) 0; mean 10553383.9 ps, median 3943519.1 ps, min 1151.77389 max 47354901.7 ps
ANNIHILATION ortho: finite E[T] in 47, no contact ever (infinite) 0; mean 1.17553907e+10 ps, median 4.39267702e+09 ps, min 1282685.16 max 5.27485191e+10 ps
ANNIHILATION tau_ortho/tau_para (ensemble means) = 1113.89776   measured: 125.14 ps, 142.04 ns, ratio 1135.0
 idx  E[T]_para(ps)  E[T]_ortho(ps)  n0_para(m^-3)  S_stop_p  S_stop_o
   0     45632725.1  5.08301904e+10 7.32536797e+23         1         1
   1     447288.408       498233541  7.4733998e+250.999999999         1
   2     5511966.34  6.13976702e+09 6.06455993e+24         1         1
   3     86594.8823      96457993.4 3.86023116e+260.999999996         1
   4      3943519.1  4.39267702e+09 8.47660421e+24         1         1
   5     19354553.2  2.15589935e+10 1.72712075e+24         1         1
   6     29914941.8  3.33221867e+10 1.11742321e+24         1         1
   7     7814076.39  8.70408221e+09 4.27787606e+24         1         1
   8     19938.7194      22209676.8 1.67652017e+270.999999985         1
   9     6517.21093       7259595.7 5.12910555e+270.999999953         1
  10     20898373.6  2.32786516e+10 1.59953358e+24         1         1
  11     30437217.2  3.39039482e+10 1.09824923e+24         1         1
  12     3245354.83  3.61499348e+09 1.03001527e+25         1         1
  13     12753465.3  1.42060565e+10 2.62106412e+24         1         1
  14     1151.77389      1282685.16 2.90258405e+280.999999736         1
  15     1022136.76  1.13855572e+09 3.27036984e+25         1         1
  16      2939593.7   3.2744069e+09 1.13715205e+25         1         1
  17     2000392.76  2.22823293e+09 1.67105439e+25         1         1
  18     4257.55054      4742566.92 7.85130982e+270.999999929         1
  19     8149402.28  9.07760093e+09 4.10185303e+24         1         1
  20     13240116.8  1.47481365e+10 2.52472473e+24         1         1
  21     19808167.6  2.20642735e+10 1.68756904e+24         1         1
  22     2153641.75  2.39893675e+09 1.55214535e+25         1         1
  23            nan             nan              0         1         1
  24      2531.7152       2820117.4 1.32034642e+280.99999988         1
  25     62798.7602      69951232.2 5.32298572e+260.999999995         1
  26     24749.1779      27568015.7 1.35065817e+270.999999988         1
  27     8195.55703      9129106.57 4.07873313e+270.999999963         1
  28     11885373.5   1.3239091e+10 2.81250313e+24         1         1
  29     38779411.6  4.31962998e+10 8.61994778e+23         1         1
  30      2824446.6  3.14614482e+09 1.18351149e+25         1         1
  31     9251030.31  1.03047019e+10 3.61339757e+24         1         1
  32     28749965.6  3.20245223e+10 1.16270227e+24         1         1
  33     179208.484       199619978 1.86529379e+260.999999998         1
  34     25136779.3  2.79998022e+10 1.32983028e+24         1         1
  35     47354901.7  5.27485191e+10 7.05896308e+23         1         1
  36       13623172  1.51748207e+10 2.45373475e+24         1         1
  37     414021.272       461177515 8.07389558e+250.999999999         1
  38     8697317.16  9.68792211e+09 3.84344387e+24         1         1
  39     129274.143       143998224 2.58579524e+260.999999998         1
  40     15051101.5  1.67653883e+10 2.22094379e+24         1         1
  41     24188389.1  2.69433925e+10 1.38197092e+24         1         1
  42     220866.781       246022932 1.51347595e+260.999999999         1
  43     1579599.07  1.75951196e+09 2.11621102e+25         1         1
  44     77784.1431      86643584.6 4.29748902e+260.999999996         1
  45      55080.723      61354391.3 6.06884313e+260.999999994         1
  46     28664879.2  3.19297448e+10 1.16615354e+24         1         1
  47     9662771.49  1.07633395e+10 3.45942677e+24         1         1
