# reflecting wall at u = 0.080

# start (x,g) = (1, 0.5)
#  t     alive  collapse  ionized   med x   med g   med u   <r>     <r^2>    <1/r>   <1/r^2>  frac g<0.75
  0      4000      0        0     1.0000  0.5000  0.5000  1.3750  2.1250  1.0000  2.0000  1.0000
  0.5     233    331     3436     7.4196  1.4791  0.2001  124.4793  32827.3131  0.0397  0.0100  0.0000
  1        86    331     3583     5.7465  1.5052  0.2689  109.4120  34778.8008  0.0720  0.0217  0.0000
  2        25    331     3644     3.8439  1.5076  0.3606  41.8142  5731.9299  0.0719  0.0145  0.0000
  5         6    331     3663     6.8892  1.6589  0.3072  66.6148  7376.4017  0.0661  0.0188  0.0000
  10        0    332     3668     nan  nan  nan  nan  nan  nan  nan  nan
  20        0    332     3668     nan  nan  nan  nan  nan  nan  nan  nan
  50        0    332     3668     nan  nan  nan  nan  nan  nan  nan  nan
  100       0    332     3668     nan  nan  nan  nan  nan  nan  nan  nan
  200       0    332     3668     nan  nan  nan  nan  nan  nan  nan  nan
#  min u before ionization: 10/50/90 % = 0.080 / 0.080 / 0.080;  before collapse: 0.196 / 0.370 / 0.481
#  survivors at t=200: histogram x (0.3..20, 20 bins log) and g
#  x: 0 0 0 0 0 0 0 0 0 0 0 0 0 0 0 0 0 0 0 0
#  g (0..5, 20 bins): 0 0 0 0 0 0 0 0 0 0 0 0 0 0 0 0 0 0 0 0

# start (x,g) = (1, 1.0)
#  t     alive  collapse  ionized   med x   med g   med u   <r>     <r^2>    <1/r>   <1/r^2>  frac g<0.75
  0      4000      0        0     1.0000  1.0000  1.0000  1.0000  1.0000  1.0000  1.0000  0.0000
  0.5    1373    371     2256     2.2845  1.3292  0.5753  53.0313  15336.8287  0.2413  0.1351  0.0044
  1       767    384     2849     2.6889  1.4239  0.5271  48.3444  12416.9211  0.1880  0.0867  0.0000
  2       370    398     3232     3.0333  1.5269  0.5348  36.6968  6285.7188  0.1675  0.0677  0.0000
  5       135    406     3459     3.5202  1.7302  0.5034  45.0733  8971.5571  0.1253  0.0402  0.0000
  10       61    408     3531     3.8555  1.9595  0.5116  40.0318  4188.6786  0.1004  0.0236  0.0000
  20       27    408     3565     4.0872  2.0656  0.6340  48.5149  6777.8948  0.1039  0.0231  0.0000
  50        9    408     3583     3.9119  2.5012  0.6680  72.4867  14642.9793  0.0659  0.0088  0.0000
  100       4    408     3588     7.5542  2.6493  0.5560  130.7622  45762.2342  0.0342  0.0029  0.0000
  200       0    408     3592     nan  nan  nan  nan  nan  nan  nan  nan
#  min u before ionization: 10/50/90 % = 0.080 / 0.080 / 0.080;  before collapse: 0.313 / 0.586 / 0.820
#  survivors at t=200: histogram x (0.3..20, 20 bins log) and g
#  x: 0 0 0 0 0 0 0 0 0 0 0 0 0 0 0 0 0 0 0 0
#  g (0..5, 20 bins): 0 0 0 0 0 0 0 0 0 0 0 0 0 0 0 0 0 0 0 0
