# reflecting wall at u = 0.250

# start (x,g) = (1, 0.5)
#  t     alive  collapse  ionized   med x   med g   med u   <r>     <r^2>    <1/r>   <1/r^2>  frac g<0.75
  0      4000      0        0     1.0000  0.5000  0.5000  1.3750  2.1250  1.0000  2.0000  1.0000
  0.5    3670    330        0     6.6990  1.9330  0.2861  67.1440  6556.9530  0.0430  0.0113  0.0000
  1      3667    333        0     7.4587  2.1477  0.2857  82.5061  9804.4675  0.0341  0.0074  0.0000
  2      3665    335        0     8.2209  2.3716  0.2856  101.0885  14716.1066  0.0278  0.0050  0.0000
  5      3661    339        0     9.3511  2.6992  0.2857  131.0205  24902.3122  0.0217  0.0033  0.0000
  10     3659    341        0     10.4196  2.9798  0.2848  159.7170  37061.1615  0.0177  0.0019  0.0000
  20     3658    342        0     11.5461  3.3138  0.2849  197.6767  56462.0752  0.0144  0.0013  0.0000
  50     3623    346       31     12.9424  3.7341  0.2870  248.9316  89763.4105  0.0114  0.0008  0.0000
  100    3347    347      306     13.7707  4.0470  0.2942  275.9402  108263.9200  0.0097  0.0005  0.0000
  200    2688    349      963     14.0605  4.2859  0.3051  282.7980  113444.6715  0.0095  0.0005  0.0000
#  min u before ionization: 10/50/90 % = 0.250 / 0.250 / 0.250;  before collapse: 0.250 / 0.355 / 0.482
#  survivors at t=200: histogram x (0.3..20, 20 bins log) and g
#  x: 0 0 0 0 0 0 0 0 0 0 12 18 47 68 87 164 275 453 784 780
#  g (0..5, 20 bins): 0 0 0 0 0 0 0 5 5 9 22 61 106 165 244 325 346 431 415 554

# start (x,g) = (1, 1.0)
#  t     alive  collapse  ionized   med x   med g   med u   <r>     <r^2>    <1/r>   <1/r^2>  frac g<0.75
  0      4000      0        0     1.0000  1.0000  1.0000  1.0000  1.0000  1.0000  1.0000  0.0000
  0.5    3672    328        0     5.4125  1.6913  0.3119  47.4848  4149.2733  0.1232  0.0642  0.0016
  1      3653    347        0     6.7219  1.9978  0.2960  68.1295  7527.8718  0.0659  0.0236  0.0003
  2      3646    354        0     7.8533  2.2862  0.2891  91.5255  12762.9698  0.0402  0.0096  0.0000
  5      3639    361        0     9.2451  2.6772  0.2865  127.3781  23725.2210  0.0244  0.0039  0.0000
  10     3636    364        0     10.4111  2.9804  0.2839  159.6151  36802.9838  0.0194  0.0029  0.0000
  20     3634    366        0     11.5019  3.2920  0.2850  194.9927  54968.4078  0.0150  0.0016  0.0000
  50     3595    369       36     13.0316  3.7485  0.2861  251.2909  90280.8513  0.0109  0.0008  0.0000
  100    3310    373      317     13.8972  4.0624  0.2911  281.1943  111390.5025  0.0097  0.0006  0.0000
  200    2626    374     1000     13.9528  4.2909  0.3056  282.2252  112748.8006  0.0096  0.0005  0.0000
#  min u before ionization: 10/50/90 % = 0.250 / 0.250 / 0.250;  before collapse: 0.261 / 0.549 / 0.794
#  survivors at t=200: histogram x (0.3..20, 20 bins log) and g
#  x: 0 0 0 0 0 0 0 0 0 6 10 19 29 64 109 146 256 479 759 749
#  g (0..5, 20 bins): 0 0 0 0 0 0 2 2 7 10 24 54 106 161 219 309 361 433 465 473
