BEGIN 15 1
CREM_HOLD 0.000000000e+00 2.477546476e-01 1.000000000e+00 6.412455616e-01
CREM_HOLD 3.039659680e-16 2.477549228e-01 9.998738736e-01 6.401350454e-01
CREM_HOLD 1.215415373e-14 2.478095253e-01 9.998730961e-01 6.155210200e-01
CREM_HOLD 2.400431386e-14 2.478063710e-01 9.998570153e-01 6.336134902e-01
CREM_HOLD 3.585390223e-14 2.478076095e-01 9.998688854e-01 6.839612430e-01
CREM_HOLD 4.770391264e-14 2.478754164e-01 9.999019179e-01 7.442678641e-01
CREM_HOLD 5.955509755e-14 2.479741967e-01 9.999414777e-01 7.986223377e-01
CREM_HOLD 7.140768915e-14 2.480396406e-01 9.999770531e-01 8.390290394e-01
CREM_HOLD 8.326154584e-14 2.480303173e-01 1.000003454e+00 8.607517972e-01
CREM_HOLD 9.511634146e-14 2.479397437e-01 1.000017690e+00 8.608701206e-01
CREM_HOLD 1.069716434e-13 2.478050583e-01 1.000017885e+00 8.392773142e-01
CREM_HOLD 1.188269522e-13 2.476991232e-01 1.000003875e+00 7.987813498e-01
CREM_HOLD 1.306817628e-13 2.476926251e-01 9.999773600e-01 7.442063858e-01
CREM_HOLD 1.425356304e-13 2.478020162e-01 9.999414886e-01 6.837727122e-01
CREM_HOLD 1.543882224e-13 2.479563754e-01 9.999018135e-01 6.335283986e-01
CREM_HOLD 1.662394035e-13 2.480570811e-01 9.998689831e-01 6.155518219e-01
CREM_HOLD 1.780894174e-13 2.481061700e-01 9.998573248e-01 6.399589907e-01
CREM_HOLD 1.899390168e-13 2.481586002e-01 9.998733287e-01 6.929926622e-01
CREM_HOLD 2.017891852e-13 2.481934038e-01 9.999080152e-01 7.528602284e-01
CREM_HOLD 2.136405869e-13 2.481669850e-01 9.999471323e-01 8.053559534e-01
CREM_HOLD 2.254933796e-13 2.480788458e-01 9.999814550e-01 8.432768970e-01
CREM_HOLD 2.373473928e-13 2.479577148e-01 1.000006346e+00 8.620517888e-01
CREM_HOLD 2.492022913e-13 2.478433384e-01 1.000018794e+00 8.589810148e-01
CREM_HOLD 2.610576324e-13 2.477869371e-01 1.000016922e+00 8.344045325e-01
CREM_HOLD 2.729129070e-13 2.478347121e-01 1.000000835e+00 7.915671679e-01
CREM_HOLD 2.847676095e-13 2.479872463e-01 9.999726546e-01 7.357042750e-01
CREM_HOLD 2.966213098e-13 2.481784325e-01 9.999359674e-01 6.758101074e-01
CREM_HOLD 3.084737054e-13 2.483190120e-01 9.998968345e-01 6.289033049e-01
CREM_HOLD 3.203247096e-13 2.483822799e-01 9.998663367e-01 6.164186145e-01
CREM_HOLD 3.321746294e-13 2.483974233e-01 9.998582711e-01 6.454053966e-01
CREM_HOLD 3.440242624e-13 2.483560579e-01 9.998771673e-01 7.001415608e-01
CREM_HOLD 3.558745673e-13 2.482373514e-01 9.999128222e-01 7.595987495e-01
CREM_HOLD 3.677261399e-13 2.480765842e-01 9.999516316e-01 8.106970133e-01
CREM_HOLD 3.795790926e-13 2.479376826e-01 9.999851339e-01 8.466015595e-01
CREM_HOLD 3.914332367e-13 2.478635039e-01 1.000008789e+00 8.628288326e-01
CREM_HOLD 4.032882220e-13 2.478687316e-01 1.000019516e+00 8.570130233e-01
CREM_HOLD 4.151435888e-13 2.479545369e-01 1.000015672e+00 8.300233239e-01
CREM_HOLD 4.269988190e-13 2.481019783e-01 9.999978486e-01 7.854676724e-01
CREM_HOLD 4.388534152e-13 2.482572782e-01 9.999685397e-01 7.288050789e-01
CREM_HOLD 4.507069692e-13 2.483576165e-01 9.999314677e-01 6.695599006e-01
CREM_HOLD 4.625592048e-13 2.483886197e-01 9.998928669e-01 6.255346510e-01
CREM_HOLD 4.744100679e-13 2.483732409e-01 9.998642224e-01 6.176697378e-01
CREM_HOLD 4.862599125e-13 2.482936404e-01 9.998590904e-01 6.505495803e-01
CREM_HOLD 4.981095747e-13 2.481312264e-01 9.998804608e-01 7.068952117e-01
CREM_HOLD 5.099599966e-13 2.479434963e-01 9.999171950e-01 7.661429477e-01
CREM_HOLD 5.218117248e-13 2.478175258e-01 9.999560036e-01 8.159489056e-01
CREM_HOLD 5.336648329e-13 2.477957309e-01 9.999887479e-01 8.497666511e-01
CREM_HOLD 5.455191055e-13 2.478608276e-01 1.000010962e+00 8.633443406e-01
CREM_HOLD 5.573741681e-13 2.479668371e-01 1.000019772e+00 8.547979463e-01
CREM_HOLD 5.692295441e-13 2.480709213e-01 1.000014006e+00 8.254857293e-01
CREM_HOLD 5.810847149e-13 2.481380584e-01 9.999946725e-01 7.792094636e-01
CREM_HOLD 5.929391982e-13 2.481455344e-01 9.999643460e-01 7.215841945e-01
CREM_HOLD 6.047926031e-13 2.481095324e-01 9.999266884e-01 6.628895860e-01
CREM_HOLD 6.166446687e-13 2.480731487e-01 9.998883335e-01 6.221498182e-01
CREM_HOLD 6.284953706e-13 2.480172833e-01 9.998616836e-01 6.197940224e-01
CREM_HOLD 6.403451250e-13 2.478883946e-01 9.998600928e-01 6.573248572e-01
CREM_HOLD 6.521948228e-13 2.477368049e-01 9.998845745e-01 7.154964998e-01
CREM_HOLD 6.640453910e-13 2.476628703e-01 9.999226964e-01 7.742340301e-01
CREM_HOLD 6.758973148e-13 2.477015023e-01 9.999613091e-01 8.221475327e-01
CREM_HOLD 6.877506116e-13 2.478122872e-01 9.999927690e-01 8.532005618e-01
CREM_HOLD 6.996050272e-13 2.479223519e-01 1.000013033e+00 8.635370513e-01
CREM_HOLD 7.114601634e-13 2.479724443e-01 1.000019657e+00 8.517776371e-01
CREM_HOLD 7.233155353e-13 2.479436106e-01 1.000011870e+00 8.196564375e-01
CREM_HOLD 7.351706302e-13 2.478565742e-01 9.999908414e-01 7.711157297e-01
CREM_HOLD 7.470249773e-13 2.477640645e-01 9.999590764e-01 7.121686283e-01
CREM_HOLD 7.588781947e-13 2.477275375e-01 9.999204204e-01 6.544759765e-01
CREM_HOLD 7.707300375e-13 2.477413006e-01 9.998825364e-01 6.186638394e-01
CREM_HOLD 7.825805333e-13 2.477172734e-01 9.998590415e-01 6.236735879e-01
CREM_HOLD 7.944301937e-13 2.476524540e-01 9.998623132e-01 6.665805486e-01
CREM_HOLD 8.062799704e-13 2.476445699e-01 9.998904592e-01 7.261769085e-01
CREM_HOLD 8.181307479e-13 2.477247940e-01 9.999296362e-01 7.835970479e-01
CREM_HOLD 8.299829184e-13 2.478402518e-01 9.999673459e-01 8.288470147e-01
CREM_HOLD 8.418364299e-13 2.479204154e-01 9.999969590e-01 8.565133445e-01
CREM_HOLD 8.536909945e-13 2.479164464e-01 1.000015011e+00 8.631042322e-01
CREM_HOLD 8.655462011e-13 2.478238666e-01 1.000019334e+00 8.476607546e-01
CREM_HOLD 8.774015615e-13 2.476894221e-01 1.000009313e+00 8.122667846e-01
CREM_HOLD 8.892565655e-13 2.475899561e-01 9.999861941e-01 7.611509804e-01
CREM_HOLD 9.011107473e-13 2.475907389e-01 9.999526330e-01 7.011025307e-01
CREM_HOLD 9.129637356e-13 2.476881208e-01 9.999131254e-01 6.455508037e-01
CREM_HOLD 9.248153190e-13 2.477874828e-01 9.998766563e-01 6.162351836e-01
CREM_HOLD 9.366656057e-13 2.478250047e-01 9.998575067e-01 6.291708642e-01
CREM_HOLD 9.485152115e-13 2.478617247e-01 9.998660331e-01 6.767038346e-01
CREM_HOLD 9.603651205e-13 2.479353203e-01 9.998972271e-01 7.367573898e-01
CREM_HOLD 9.722161387e-13 2.479976092e-01 9.999366009e-01 7.923357638e-01
CREM_HOLD 9.840685568e-13 2.480009884e-01 9.999729853e-01 8.347797441e-01
CREM_HOLD 9.959222689e-13 2.479340995e-01 1.000000784e+00 8.590806720e-01
CREM_HOLD 1.007776970e-12 2.478149453e-01 1.000016791e+00 8.619754709e-01
CREM_HOLD 1.019632239e-12 2.476915621e-01 1.000018846e+00 8.429187559e-01
CREM_HOLD 1.031487582e-12 2.476333240e-01 1.000006468e+00 8.044462776e-01
CREM_HOLD 1.043342485e-12 2.476914712e-01 9.999812072e-01 7.512198880e-01
CREM_HOLD 1.055196490e-12 2.478519747e-01 9.999461682e-01 6.908860802e-01
CREM_HOLD 1.067049248e-12 2.480273718e-01 9.999065615e-01 6.383136359e-01
CREM_HOLD 1.078900598e-12 2.481341799e-01 9.998722347e-01 6.153939367e-01
CREM_HOLD 1.090750728e-12 2.481839047e-01 9.998573603e-01 6.348167391e-01
CREM_HOLD 1.102600328e-12 2.482109168e-01 9.998700954e-01 6.854364826e-01
CREM_HOLD 1.114450382e-12 2.481863451e-01 9.999031677e-01 7.453847468e-01
CREM_HOLD 1.126301611e-12 2.480908174e-01 9.999423283e-01 7.993308563e-01
CREM_HOLD 1.138154233e-12 2.479565206e-01 9.999776493e-01 8.394242501e-01
CREM_HOLD 1.150008111e-12 2.478311352e-01 1.000004030e+00 8.608068876e-01
CREM_HOLD 1.161862927e-12 2.477527446e-01 1.000018206e+00 8.604502846e-01
CREM_HOLD 1.173718247e-12 2.477538996e-01 1.000018063e+00 8.383307114e-01
CREM_HOLD 1.185573562e-12 2.478535503e-01 1.000003506e+00 7.974774069e-01
CREM_HOLD 1.197428360e-12 2.480269272e-01 9.999765720e-01 7.428999358e-01
CREM_HOLD 1.209282199e-12 2.482003810e-01 9.999407201e-01 6.828532336e-01
CREM_HOLD 1.221134764e-12 2.483058371e-01 9.999014889e-01 6.331696485e-01
CREM_HOLD 1.232985934e-12 2.483404618e-01 9.998691530e-01 6.155377621e-01
CREM_HOLD 1.244835954e-12 2.483218036e-01 9.998577020e-01 6.399077325e-01
CREM_HOLD 1.256685566e-12 2.482278259e-01 9.998735728e-01 6.927950218e-01
CREM_HOLD 1.268535743e-12 2.480603999e-01 9.999080357e-01 7.527012671e-01
CREM_HOLD 1.280387146e-12 2.478846367e-01 9.999472020e-01 8.053723290e-01
CREM_HOLD 1.292239941e-12 2.477720413e-01 9.999818053e-01 8.433902089e-01
CREM_HOLD 1.304093967e-12 2.477506439e-01 1.000006863e+00 8.620414521e-01
CREM_HOLD 1.315948884e-12 2.478085738e-01 1.000019129e+00 8.586936218e-01
CREM_HOLD 1.327804237e-12 2.479203126e-01 1.000016831e+00 8.339091255e-01
CREM_HOLD 1.339659508e-12 2.480514939e-01 1.000000411e+00 7.910817354e-01
CREM_HOLD 1.351514195e-12 2.481534238e-01 9.999722276e-01 7.353915687e-01
CREM_HOLD 1.363367880e-12 2.481907661e-01 9.999357702e-01 6.756387046e-01
CREM_HOLD 1.375220269e-12 2.481799515e-01 9.998967586e-01 6.287422364e-01
CREM_HOLD 1.387071271e-12 2.481429726e-01 9.998661433e-01 6.163412733e-01
CREM_HOLD 1.398921183e-12 2.480407237e-01 9.998580143e-01 6.456870951e-01
CREM_HOLD 1.410770807e-12 2.478661158e-01 9.998771150e-01 7.009530271e-01
CREM_HOLD 1.422621110e-12 2.477026964e-01 9.999132411e-01 7.608258153e-01
CREM_HOLD 1.434472698e-12 2.476338551e-01 9.999525628e-01 8.119852979e-01
CREM_HOLD 1.446325684e-12 2.476745281e-01 9.999862362e-01 8.475067811e-01
CREM_HOLD 1.458179867e-12 2.477790569e-01 1.000009544e+00 8.630077952e-01
CREM_HOLD 1.470034879e-12 2.478838545e-01 1.000019581e+00 8.563870355e-01
CREM_HOLD 1.481890248e-12 2.479440488e-01 1.000015077e+00 8.287267038e-01
CREM_HOLD 1.493745457e-12 2.479413556e-01 9.999968542e-01 7.836297038e-01
CREM_HOLD 1.505600018e-12 2.478851819e-01 9.999672969e-01 7.264792302e-01
CREM_HOLD 1.517453528e-12 2.478214411e-01 9.999298651e-01 6.670499865e-01
CREM_HOLD 1.529305707e-12 2.477926284e-01 9.998908925e-01 6.239340584e-01
CREM_HOLD 1.541156499e-12 2.477528889e-01 9.998625964e-01 6.184048199e-01
CREM_HOLD 1.553006286e-12 2.476473232e-01 9.998589343e-01 6.538157329e-01
CREM_HOLD 1.564855943e-12 2.475474143e-01 9.998821132e-01 7.115184509e-01
CREM_HOLD 1.576706424e-12 2.475427661e-01 9.999200361e-01 7.707575625e-01
CREM_HOLD 1.588558253e-12 2.476333276e-01 9.999590330e-01 8.195874195e-01
CREM_HOLD 1.600411469e-12 2.477557089e-01 9.999910966e-01 8.518182941e-01
CREM_HOLD 1.612265825e-12 2.478358242e-01 1.000012142e+00 8.635031221e-01
CREM_HOLD 1.623816952e-12 2.478297443e-01 1.000019703e+00 8.535872035e-01
CREM_HOLD 1.635368342e-12 2.477451158e-01 1.000013193e+00 8.240016735e-01
CREM_HOLD 1.647223484e-12 2.476236846e-01 9.999938510e-01 7.768366792e-01
CREM_HOLD 1.659077938e-12 2.475383717e-01 9.999629348e-01 7.183667328e-01
CREM_HOLD 1.670931292e-12 2.475430903e-01 9.999244837e-01 6.595613163e-01
CREM_HOLD 1.682783280e-12 2.476038175e-01 9.998857840e-01 6.204580370e-01
CREM_HOLD 1.694633891e-12 2.476221642e-01 9.998601150e-01 6.212141924e-01
CREM_HOLD 1.706483590e-12 2.476068986e-01 9.998606368e-01 6.613321574e-01
CREM_HOLD 1.718333307e-12 2.476458905e-01 9.998870064e-01 7.202940517e-01
CREM_HOLD 1.730183961e-12 2.477410046e-01 9.999257888e-01 7.784222356e-01
CREM_HOLD 1.742035995e-12 2.478291285e-01 9.999639622e-01 8.250834855e-01
CREM_HOLD 1.753889386e-12 2.478556309e-01 9.999945310e-01 8.546360827e-01
CREM_HOLD 1.765743865e-12 2.477975007e-01 1.000013896e+00 8.633614601e-01
CREM_HOLD 1.777599032e-12 2.476731149e-01 1.000019699e+00 8.499383117e-01
CREM_HOLD 1.789454405e-12 2.475443505e-01 1.000011032e+00 8.161660483e-01
CREM_HOLD 1.801309470e-12 2.474896837e-01 9.999889332e-01 7.661587261e-01
CREM_HOLD 1.813163749e-12 2.475545625e-01 9.999560210e-01 7.064443131e-01
CREM_HOLD 1.825016858e-12 2.477031614e-01 9.999166873e-01 6.497068854e-01
CREM_HOLD 1.836868568e-12 2.478311343e-01 9.998794510e-01 6.171748113e-01
CREM_HOLD 1.848718954e-12 2.478916387e-01 9.998582214e-01 6.262260046e-01
CREM_HOLD 1.860568585e-12 2.479407305e-01 9.998642185e-01 6.714055877e-01
CREM_HOLD 1.872418430e-12 2.479911271e-01 9.998938529e-01 7.310768957e-01
CREM_HOLD 1.884269328e-12 2.479944275e-01 9.999329460e-01 7.874877075e-01
CREM_HOLD 1.896121616e-12 2.479305487e-01 9.999698917e-01 8.314160520e-01
CREM_HOLD 1.907975218e-12 2.478190313e-01 9.999987339e-01 8.576059226e-01
CREM_HOLD 1.919829846e-12 2.476954625e-01 1.000016049e+00 8.625407285e-01
CREM_HOLD 1.931685090e-12 2.476079015e-01 1.000019449e+00 8.453679817e-01
CREM_HOLD 1.943540454e-12 2.476103059e-01 1.000008248e+00 8.084363342e-01
CREM_HOLD 1.955395420e-12 2.477266409e-01 9.999839207e-01 7.563048126e-01
CREM_HOLD 1.967249521e-12 2.479150872e-01 9.999495645e-01 6.962233950e-01
CREM_HOLD 1.979102400e-12 2.480839746e-01 9.999101381e-01 6.421663611e-01
CREM_HOLD 1.990953877e-12 2.481745088e-01 9.998748556e-01 6.157051992e-01
CREM_HOLD 2.002804100e-12 2.482063466e-01 9.998576605e-01 6.312972640e-01
CREM_HOLD 2.014653711e-12 2.481919863e-01 9.998678737e-01 6.799247603e-01
CREM_HOLD 2.026503686e-12 2.481035162e-01 9.998996208e-01 7.398404473e-01
CREM_HOLD 2.038354789e-12 2.479527032e-01 9.999387774e-01 7.948353350e-01
CREM_HOLD 2.050207285e-12 2.477991355e-01 9.999748513e-01 8.364924105e-01
CREM_HOLD 2.062061063e-12 2.476966403e-01 1.000002315e+00 8.597193940e-01
CREM_HOLD 2.073915818e-12 2.476696263e-01 1.000017694e+00 8.612781031e-01
CREM_HOLD 2.085771120e-12 2.477253347e-01 1.000018738e+00 8.409124716e-01
CREM_HOLD 2.097626459e-12 2.478558569e-01 1.000005254e+00 8.014991948e-01
CREM_HOLD 2.109481319e-12 2.480194684e-01 9.999792274e-01 7.478869607e-01
CREM_HOLD 2.121335253e-12 2.481484510e-01 9.999440056e-01 6.878407257e-01
CREM_HOLD 2.133187934e-12 2.482047234e-01 9.999047526e-01 6.363829250e-01
CREM_HOLD 2.145039220e-12 2.482063470e-01 9.998711959e-01 6.152876493e-01
CREM_HOLD 2.156889313e-12 2.481542200e-01 9.998574364e-01 6.364438481e-01
CREM_HOLD 2.168738916e-12 2.480180287e-01 9.998712069e-01 6.880131552e-01
CREM_HOLD 2.180589009e-12 2.478278468e-01 9.999048592e-01 7.482132133e-01
CREM_HOLD 2.192440298e-12 2.476704371e-01 9.999443128e-01 8.019180120e-01
CREM_HOLD 2.204292991e-12 2.476091728e-01 9.999796687e-01 8.412692574e-01
CREM_HOLD 2.216146941e-12 2.476463646e-01 1.000005604e+00 8.614145585e-01
CREM_HOLD 2.228001813e-12 2.477427434e-01 1.000018798e+00 8.595858109e-01
CREM_HOLD 2.239857154e-12 2.478537009e-01 1.000017445e+00 8.361607178e-01
CREM_HOLD 2.251712447e-12 2.479415616e-01 1.000001906e+00 7.943797332e-01
CREM_HOLD 2.263567188e-12 2.479751072e-01 9.999744171e-01 7.392486452e-01
CREM_HOLD 2.275420951e-12 2.479527095e-01 9.999382900e-01 6.791837735e-01
CREM_HOLD 2.287273429e-12 2.479152731e-01 9.998989663e-01 6.306672056e-01
CREM_HOLD 2.299124509e-12 2.478717493e-01 9.998671773e-01 6.157657181e-01
CREM_HOLD 2.310974459e-12 2.477635847e-01 9.998573769e-01 6.432126635e-01
CREM_HOLD 2.322824060e-12 2.476033203e-01 9.998752891e-01 6.979501092e-01
CREM_HOLD 2.334674298e-12 2.474918355e-01 9.999111859e-01 7.581808725e-01
CREM_HOLD 2.346525812e-12 2.474921517e-01 9.999508444e-01 8.100199969e-01
CREM_HOLD 2.358378737e-12 2.475854057e-01 9.999849917e-01 8.463569605e-01
CREM_HOLD 2.370232876e-12 2.477040434e-01 1.000008816e+00 8.627711431e-01
CREM_HOLD 2.381783888e-12 2.477787332e-01 1.000019449e+00 8.574822315e-01
CREM_HOLD 2.393335269e-12 2.477814669e-01 1.000015860e+00 8.319963530e-01
CREM_HOLD 2.404886525e-12 2.477180885e-01 9.999991059e-01 7.894733831e-01
CREM_HOLD 2.416741166e-12 2.476221589e-01 9.999712230e-01 7.331179277e-01
CREM_HOLD 2.428594816e-12 2.475584423e-01 9.999342188e-01 6.729682731e-01
CREM_HOLD 2.440447149e-12 2.475578251e-01 9.998946474e-01 6.268510493e-01
CREM_HOLD 2.452298076e-12 2.475511309e-01 9.998643100e-01 6.168419421e-01
CREM_HOLD 2.464147923e-12 2.474850985e-01 9.998577237e-01 6.488781123e-01
CREM_HOLD 2.475997537e-12 2.474409288e-01 9.998787612e-01 7.055461844e-01
CREM_HOLD 2.487847898e-12 2.474888896e-01 9.999160792e-01 7.653353733e-01
CREM_HOLD 2.499699587e-12 2.476005935e-01 9.999554682e-01 8.154794363e-01
CREM_HOLD 2.511248751e-12 2.477026398e-01 9.999884063e-01 8.488663693e-01
CREM_HOLD 2.522799056e-12 2.477397069e-01 1.000010253e+00 8.631118483e-01
CREM_HOLD 2.534350118e-12 2.476869501e-01 1.000019565e+00 8.563304507e-01
CREM_HOLD 2.545901503e-12 2.475674058e-01 1.000015171e+00 8.294194012e-01
CREM_HOLD 2.557452735e-12 2.474434278e-01 9.999975949e-01 7.856022799e-01
CREM_HOLD 2.569307322e-12 2.473862762e-01 9.999688234e-01 7.282979616e-01
CREM_HOLD 2.581160886e-12 2.474389626e-01 9.999310551e-01 6.683084187e-01
CREM_HOLD 2.593013107e-12 2.475465714e-01 9.998915209e-01 6.243673725e-01
CREM_HOLD 2.604863923e-12 2.476069082e-01 9.998626720e-01 6.180184626e-01
CREM_HOLD 2.616713712e-12 2.476293064e-01 9.998585627e-01 6.528973766e-01
CREM_HOLD 2.628563355e-12 2.476876908e-01 9.998815154e-01 7.103200851e-01
CREM_HOLD 2.640413815e-12 2.477674304e-01 9.999192812e-01 7.694448972e-01
CREM_HOLD 2.652265617e-12 2.478091260e-01 9.999581074e-01 8.184007148e-01
CREM_HOLD 2.663814872e-12 2.477826567e-01 9.999902234e-01 8.504621603e-01
CREM_HOLD 2.675365240e-12 2.476912996e-01 1.000011307e+00 8.632722455e-01
CREM_HOLD 2.686916339e-12 2.475639963e-01 1.000019844e+00 8.550012657e-01
CREM_HOLD 2.698771718e-12 2.474572221e-01 1.000014562e+00 8.256933265e-01
CREM_HOLD 2.710626908e-12 2.474435875e-01 9.999953582e-01 7.789948501e-01
CREM_HOLD 2.722481416e-12 2.475515508e-01 9.999645678e-01 7.207403853e-01
CREM_HOLD 2.734334829e-12 2.477305248e-01 9.999261580e-01 6.617143908e-01
CREM_HOLD 2.746186875e-12 2.478783433e-01 9.998874106e-01 6.214311970e-01
CREM_HOLD 2.758037544e-12 2.479512909e-01 9.998611128e-01 6.201069251e-01
CREM_HOLD 2.769887279e-12 2.479923812e-01 9.998603239e-01 6.583558968e-01
CREM_HOLD 2.781736985e-12 2.480063091e-01 9.998853984e-01 7.164764807e-01
CREM_HOLD 2.793587582e-12 2.479545381e-01 9.999234555e-01 7.747611103e-01
CREM_HOLD 2.805439533e-12 2.478405419e-01 9.999616481e-01 8.222815484e-01
CREM_HOLD 2.817292842e-12 2.477066009e-01 9.999928982e-01 8.531334995e-01
CREM_HOLD 2.829147262e-12 2.475960882e-01 1.000013312e+00 8.633052181e-01
CREM_HOLD 2.841002408e-12 2.475461458e-01 1.000020141e+00 8.511999716e-01
CREM_HOLD 2.852857797e-12 2.475896844e-01 1.000012217e+00 8.185365469e-01
CREM_HOLD 2.864712904e-12 2.477308289e-01 9.999906389e-01 7.694908770e-01
CREM_HOLD 2.876567244e-12 2.479181977e-01 9.999582736e-01 7.104238491e-01
CREM_HOLD 2.888420433e-12 2.480683835e-01 9.999194871e-01 6.532358850e-01
CREM_HOLD 2.900272243e-12 2.481397950e-01 9.998821242e-01 6.183001268e-01
CREM_HOLD 2.912122724e-12 2.481516860e-01 9.998593645e-01 6.238445265e-01
CREM_HOLD 2.923972396e-12 2.481033217e-01 9.998630022e-01 6.665997822e-01
CREM_HOLD 2.935822197e-12 2.479723653e-01 9.998909119e-01 7.257887358e-01
CREM_HOLD 2.947672991e-12 2.477924490e-01 9.999296219e-01 7.830363997e-01
CREM_HOLD 2.959525161e-12 2.476394349e-01 9.999672254e-01 8.283992145e-01
CREM_HOLD 2.971378668e-12 2.475666422e-01 9.999971595e-01 8.562367265e-01
CREM_HOLD 2.983233240e-12 2.475817936e-01 1.000015557e+00 8.628263278e-01
CREM_HOLD 2.995088466e-12 2.476674609e-01 1.000019857e+00 8.472086149e-01
CREM_HOLD 3.006943845e-12 2.477972587e-01 1.000009445e+00 8.117010773e-01
CREM_HOLD 3.018798853e-12 2.479278475e-01 9.999859559e-01 7.607527236e-01
CREM_HOLD 3.030653027e-12 2.480076174e-01 9.999524496e-01 7.011261876e-01
CREM_HOLD 3.042506008e-12 2.480223839e-01 9.999134021e-01 6.458635773e-01
CREM_HOLD 3.054357602e-12 2.480022354e-01 9.998772629e-01 6.162513883e-01
CREM_HOLD 3.066207910e-12 2.479374253e-01 9.998578798e-01 6.284733099e-01
CREM_HOLD 3.078057529e-12 2.477897247e-01 9.998658226e-01 6.755508107e-01
CREM_HOLD 3.089907430e-12 2.476039304e-01 9.998965972e-01 7.357441491e-01
CREM_HOLD 3.101758426e-12 2.474767101e-01 9.999361290e-01 7.918011629e-01
CREM_HOLD 3.113610828e-12 2.474607293e-01 9.999730907e-01 8.346507655e-01
CREM_HOLD 3.125464543e-12 2.475377586e-01 1.000001339e+00 8.590339759e-01
CREM_HOLD 3.137319264e-12 2.476491062e-01 1.000017299e+00 8.617219326e-01
CREM_HOLD 3.148870570e-12 2.477373357e-01 1.000018901e+00 8.431895485e-01
CREM_HOLD 3.160421932e-12 2.477759263e-01 1.000006586e+00 8.063110897e-01
CREM_HOLD 3.171972867e-12 2.477556858e-01 9.999823106e-01 7.552946988e-01
CREM_HOLD 3.183826910e-12 2.476945438e-01 9.999488234e-01 6.951544094e-01
CREM_HOLD 3.195679763e-12 2.476461907e-01 9.999093359e-01 6.411432966e-01
CREM_HOLD 3.207531212e-12 2.476186207e-01 9.998738311e-01 6.153738862e-01
CREM_HOLD 3.219381398e-12 2.475396695e-01 9.998568730e-01 6.324140180e-01
CREM_HOLD 3.231230981e-12 2.474133000e-01 9.998680122e-01 6.824951146e-01
CREM_HOLD 3.243080961e-12 2.473429653e-01 9.999009285e-01 7.431856795e-01
CREM_HOLD 3.254932111e-12 2.473819082e-01 9.999409555e-01 7.980879859e-01
CREM_HOLD 3.266784684e-12 2.474955535e-01 9.999771583e-01 8.388628834e-01
CREM_HOLD 3.278334599e-12 2.476070503e-01 1.000003929e+00 8.603439074e-01
CREM_HOLD 3.289885442e-12 2.476567745e-01 1.000017929e+00 8.610957112e-01
CREM_HOLD 3.301436770e-12 2.476204044e-01 1.000018348e+00 8.410667391e-01
CREM_HOLD 3.312988112e-12 2.475193902e-01 1.000005206e+00 8.028314961e-01
CREM_HOLD 3.324539000e-12 2.474083012e-01 9.999801244e-01 7.506661705e-01
CREM_HOLD 3.336392966e-12 2.473521923e-01 9.999458048e-01 6.900312570e-01
CREM_HOLD 3.348245711e-12 2.473827765e-01 9.999058167e-01 6.372977098e-01
CREM_HOLD 3.360097035e-12 2.474254159e-01 9.998710605e-01 6.150681511e-01
CREM_HOLD 3.371947122e-12 2.474091108e-01 9.998564542e-01 6.360604753e-01
CREM_HOLD 3.383796691e-12 2.474010842e-01 9.998702793e-01 6.881604841e-01
CREM_HOLD 3.395646751e-12 2.474670031e-01 9.999046230e-01 7.487623719e-01
CREM_HOLD 3.407498032e-12 2.475717344e-01 9.999445701e-01 8.024632562e-01
CREM_HOLD 3.419046818e-12 2.476464051e-01 9.999798821e-01 8.408048888e-01
CREM_HOLD 3.430596828e-12 2.476498650e-01 1.000005040e+00 8.609970232e-01
CREM_HOLD 3.442147709e-12 2.475703941e-01 1.000018319e+00 8.604197433e-01
CREM_HOLD 3.453699051e-12 2.474391287e-01 1.000018042e+00 8.390796714e-01
CREM_HOLD 3.465250383e-12 2.473236251e-01 1.000004132e+00 7.996370531e-01
CREM_HOLD 3.476801233e-12 2.472946256e-01 9.999782037e-01 7.465634232e-01
CREM_HOLD 3.488655130e-12 2.473821654e-01 9.999431675e-01 6.858142745e-01
CREM_HOLD 3.500507782e-12 2.475292651e-01 9.999030833e-01 6.345216322e-01
CREM_HOLD 3.512359008e-12 2.476306998e-01 9.998693859e-01 6.151488165e-01
CREM_HOLD 3.524209036e-12 2.476773427e-01 9.998567492e-01 6.386909114e-01
CREM_HOLD 3.536058615e-12 2.477322810e-01 9.998722657e-01 6.916745528e-01
CREM_HOLD 3.547908746e-12 2.477828256e-01 9.999071000e-01 7.518848148e-01
CREM_HOLD 3.559760115e-12 2.477786363e-01 9.999466393e-01 8.047526762e-01
CREM_HOLD 3.571308973e-12 2.477103113e-01 9.999813593e-01 8.421892825e-01
CREM_HOLD 3.582859034e-12 2.475985288e-01 1.000006026e+00 8.613967424e-01
CREM_HOLD 3.594409949e-12 2.474776280e-01 1.000018801e+00 8.597499757e-01
CREM_HOLD 3.606265291e-12 2.473971608e-01 1.000017870e+00 8.365166462e-01
CREM_HOLD 3.618120599e-12 2.474161495e-01 1.000002628e+00 7.945544772e-01
CREM_HOLD 3.629975365e-12 2.475499633e-01 9.999749110e-01 7.390119363e-01
CREM_HOLD 3.641829146e-12 2.477425305e-01 9.999382458e-01 6.786485409e-01
CREM_HOLD 3.653681623e-12 2.478979929e-01 9.998985891e-01 6.302483836e-01
CREM_HOLD 3.665532689e-12 2.479737886e-01 9.998669592e-01 6.157426262e-01
CREM_HOLD 3.677382631e-12 2.480005919e-01 9.998575421e-01 6.433719742e-01
CREM_HOLD 3.689232238e-12 2.479798741e-01 9.998756518e-01 6.978493580e-01
CREM_HOLD 3.701082489e-12 2.478833310e-01 9.999113116e-01 7.576679853e-01
CREM_HOLD 3.712934008e-12 2.477327417e-01 9.999505252e-01 8.093122410e-01
CREM_HOLD 3.724786921e-12 2.475876730e-01 9.999845201e-01 8.457840609e-01
CREM_HOLD 3.736641044e-12 2.474953620e-01 1.000008655e+00 8.625116160e-01
CREM_HOLD 3.748496024e-12 2.474787926e-01 1.000019782e+00 8.570254559e-01
CREM_HOLD 3.760351401e-12 2.475486366e-01 1.000016168e+00 8.301325435e-01
CREM_HOLD 3.772206648e-12 2.476941753e-01 9.999983408e-01 7.854602327e-01
CREM_HOLD 3.784061262e-12 2.478636666e-01 9.999688104e-01 7.285347039e-01
CREM_HOLD 3.795914826e-12 2.479860155e-01 9.999313792e-01 6.690110254e-01
CREM_HOLD 3.807767058e-12 2.480339632e-01 9.998924216e-01 6.249648595e-01
CREM_HOLD 3.819617905e-12 2.480288433e-01 9.998636506e-01 6.175652564e-01
CREM_HOLD 3.831467730e-12 2.479605159e-01 9.998588115e-01 6.511440997e-01
CREM_HOLD 3.843317382e-12 2.478068979e-01 9.998807361e-01 7.079545863e-01
CREM_HOLD 3.855167814e-12 2.476156866e-01 9.999179263e-01 7.673057880e-01
CREM_HOLD 3.867019568e-12 2.474734256e-01 9.999569602e-01 8.169331447e-01
CREM_HOLD 3.878872710e-12 2.474305629e-01 9.999897345e-01 8.503179497e-01
CREM_HOLD 3.890727018e-12 2.474793695e-01 1.000011782e+00 8.631955462e-01
CREM_HOLD 3.902582109e-12 2.475811044e-01 1.000020192e+00 8.537408918e-01
CREM_HOLD 3.914133516e-12 2.476929344e-01 1.000013805e+00 8.244632184e-01
CREM_HOLD 3.925684701e-12 2.477818727e-01 9.999943959e-01 7.790353309e-01
CREM_HOLD 3.937235214e-12 2.478164665e-01 9.999644743e-01 7.227329525e-01
CREM_HOLD 3.949088623e-12 2.477973761e-01 9.999275203e-01 6.636633364e-01
CREM_HOLD 3.960940718e-12 2.477639464e-01 9.998887763e-01 6.222397150e-01
CREM_HOLD 3.972791436e-12 2.477085984e-01 9.998615813e-01 6.192687191e-01
CREM_HOLD 3.984641187e-12 2.475776380e-01 9.998595811e-01 6.566264086e-01
END idx 15 para  stop=none photons=1 nE=nan L=nan e=0.00000 rp/eps=nan n/psi0=0.0000e+00 ET=nan S=1.000000 Gf=0.000000e+00 check=0.000000e+00
BEGIN 15 2
CREM_HOLD 0.000000000e+00 2.471954677e-01 1.000000000e+00 0.000000000e+00
CREM_HOLD 3.039659680e-16 2.471930077e-01 9.998900407e-01 0.000000000e+00
CREM_HOLD 1.185086286e-14 2.470509001e-01 9.998900035e-01 0.000000000e+00
CREM_HOLD 2.339775846e-14 2.468402853e-01 9.998899465e-01 0.000000000e+00
CREM_HOLD 3.494465208e-14 2.466002827e-01 9.998898595e-01 0.000000000e+00
CREM_HOLD 4.649154270e-14 2.463768532e-01 9.998897542e-01 0.000000000e+00
CREM_HOLD 5.803842966e-14 2.462131893e-01 9.998896460e-01 0.000000000e+00
CREM_HOLD 6.958531287e-14 2.461400452e-01 9.998895514e-01 0.000000000e+00
CREM_HOLD 8.113219281e-14 2.461685240e-01 9.998894842e-01 0.000000000e+00
CREM_HOLD 9.267907042e-14 2.462874920e-01 9.998894521e-01 0.000000000e+00
CREM_HOLD 1.042259469e-13 2.464661784e-01 9.998894551e-01 0.000000000e+00
CREM_HOLD 1.157728235e-13 2.466612543e-01 9.998894859e-01 0.000000000e+00
CREM_HOLD 1.273197012e-13 2.468264395e-01 9.998895309e-01 0.000000000e+00
CREM_HOLD 1.388665804e-13 2.469220958e-01 9.998895740e-01 0.000000000e+00
CREM_HOLD 1.504134611e-13 2.469233178e-01 9.998895994e-01 0.000000000e+00
CREM_HOLD 1.619603427e-13 2.468248652e-01 9.998895949e-01 0.000000000e+00
CREM_HOLD 1.735072242e-13 2.466422707e-01 9.998895549e-01 0.000000000e+00
CREM_HOLD 1.850541043e-13 2.464089550e-01 9.998894810e-01 0.000000000e+00
CREM_HOLD 1.966009817e-13 2.461697481e-01 9.998893818e-01 0.000000000e+00
CREM_HOLD 2.081478558e-13 2.459714809e-01 9.998892718e-01 0.000000000e+00
CREM_HOLD 2.196947261e-13 2.458526750e-01 9.998891679e-01 0.000000000e+00
CREM_HOLD 2.312415927e-13 2.458346508e-01 9.998890858e-01 0.000000000e+00
CREM_HOLD 2.427884565e-13 2.459164338e-01 9.998890366e-01 0.000000000e+00
CREM_HOLD 2.543353186e-13 2.460749628e-01 9.998890240e-01 0.000000000e+00
CREM_HOLD 2.658821803e-13 2.462705193e-01 9.998890440e-01 0.000000000e+00
CREM_HOLD 2.774290426e-13 2.464557860e-01 9.998890851e-01 0.000000000e+00
CREM_HOLD 2.889759064e-13 2.465861605e-01 9.998891316e-01 0.000000000e+00
CREM_HOLD 3.005227718e-13 2.466290264e-01 9.998891665e-01 0.000000000e+00
CREM_HOLD 3.120696384e-13 2.465703015e-01 9.998891758e-01 0.000000000e+00
CREM_HOLD 3.236165054e-13 2.464172847e-01 9.998891505e-01 0.000000000e+00
CREM_HOLD 3.351633714e-13 2.461973862e-01 9.998890891e-01 0.000000000e+00
CREM_HOLD 3.467102353e-13 2.459528072e-01 9.998889977e-01 0.000000000e+00
CREM_HOLD 3.582570961e-13 2.457318526e-01 9.998888892e-01 0.000000000e+00
CREM_HOLD 3.695000884e-13 2.455825151e-01 9.998887800e-01 0.000000000e+00
CREM_HOLD 3.807430771e-13 2.455246144e-01 9.998886911e-01 0.000000000e+00
CREM_HOLD 3.919860627e-13 2.455661318e-01 9.998886303e-01 0.000000000e+00
CREM_HOLD 4.032290463e-13 2.456938352e-01 9.998886044e-01 0.000000000e+00
CREM_HOLD 4.144720291e-13 2.458762733e-01 9.998886126e-01 0.000000000e+00
CREM_HOLD 4.257150121e-13 2.460707819e-01 9.998886470e-01 0.000000000e+00
CREM_HOLD 4.369579962e-13 2.462326424e-01 9.998886942e-01 0.000000000e+00
CREM_HOLD 4.482009820e-13 2.463242567e-01 9.998887384e-01 0.000000000e+00
CREM_HOLD 4.594439692e-13 2.463225422e-01 9.998887641e-01 0.000000000e+00
CREM_HOLD 4.706869574e-13 2.462233658e-01 9.998887602e-01 0.000000000e+00
CREM_HOLD 4.819299454e-13 2.460424096e-01 9.998887213e-01 0.000000000e+00
CREM_HOLD 4.931729320e-13 2.458123186e-01 9.998886493e-01 0.000000000e+00
CREM_HOLD 5.044159163e-13 2.455764341e-01 9.998885526e-01 0.000000000e+00
CREM_HOLD 5.156588973e-13 2.453800072e-01 9.998884453e-01 0.000000000e+00
CREM_HOLD 5.269018746e-13 2.452605057e-01 9.998883434e-01 0.000000000e+00
CREM_HOLD 5.381448486e-13 2.452391984e-01 9.998882624e-01 0.000000000e+00
CREM_HOLD 5.493878197e-13 2.453162115e-01 9.998882132e-01 0.000000000e+00
CREM_HOLD 5.606307893e-13 2.454704605e-01 9.998881999e-01 0.000000000e+00
CREM_HOLD 5.718737584e-13 2.456644710e-01 9.998882192e-01 0.000000000e+00
CREM_HOLD 5.831167281e-13 2.458527253e-01 9.998882604e-01 0.000000000e+00
CREM_HOLD 5.943596992e-13 2.459913873e-01 9.998883086e-01 0.000000000e+00
CREM_HOLD 6.056026720e-13 2.460472481e-01 9.998883473e-01 0.000000000e+00
CREM_HOLD 6.168456460e-13 2.460042554e-01 9.998883622e-01 0.000000000e+00
CREM_HOLD 6.280886206e-13 2.458666456e-01 9.998883440e-01 0.000000000e+00
CREM_HOLD 6.393315945e-13 2.456582473e-01 9.998882901e-01 0.000000000e+00
CREM_HOLD 6.505745667e-13 2.454179868e-01 9.998882054e-01 0.000000000e+00
CREM_HOLD 6.618175359e-13 2.451921489e-01 9.998881012e-01 0.000000000e+00
CREM_HOLD 6.730605017e-13 2.450246434e-01 9.998879931e-01 0.000000000e+00
CREM_HOLD 6.843034638e-13 2.449472682e-01 9.998878976e-01 0.000000000e+00
CREM_HOLD 6.955464227e-13 2.449723548e-01 9.998878288e-01 0.000000000e+00
CREM_HOLD 7.067893793e-13 2.450898273e-01 9.998877952e-01 0.000000000e+00
CREM_HOLD 7.180323347e-13 2.452695338e-01 9.998877975e-01 0.000000000e+00
CREM_HOLD 7.292752902e-13 2.454681607e-01 9.998878286e-01 0.000000000e+00
CREM_HOLD 7.405182468e-13 2.456388230e-01 9.998878753e-01 0.000000000e+00
CREM_HOLD 7.517612049e-13 2.457409852e-01 9.998879211e-01 0.000000000e+00
CREM_HOLD 7.630041646e-13 2.457486716e-01 9.998879500e-01 0.000000000e+00
CREM_HOLD 7.742471253e-13 2.456555880e-01 9.998879493e-01 0.000000000e+00
CREM_HOLD 7.854900859e-13 2.454764256e-01 9.998879128e-01 0.000000000e+00
CREM_HOLD 7.967330453e-13 2.452441394e-01 9.998878416e-01 0.000000000e+00
CREM_HOLD 8.079760023e-13 2.450034865e-01 9.998877442e-01 0.000000000e+00
CREM_HOLD 8.192189560e-13 2.448017532e-01 9.998876347e-01 0.000000000e+00
CREM_HOLD 8.304619060e-13 2.446783947e-01 9.998875300e-01 0.000000000e+00
CREM_HOLD 8.417048525e-13 2.446559610e-01 9.998874462e-01 0.000000000e+00
CREM_HOLD 8.529477962e-13 2.447347270e-01 9.998873948e-01 0.000000000e+00
CREM_HOLD 8.641907381e-13 2.448925847e-01 9.998873806e-01 0.000000000e+00
CREM_HOLD 8.754336796e-13 2.450902250e-01 9.998873999e-01 0.000000000e+00
CREM_HOLD 8.866766217e-13 2.452801066e-01 9.998874417e-01 0.000000000e+00
CREM_HOLD 8.979195652e-13 2.454168534e-01 9.998874902e-01 0.000000000e+00
CREM_HOLD 9.091625103e-13 2.454667297e-01 9.998875284e-01 0.000000000e+00
CREM_HOLD 9.204054567e-13 2.454144308e-01 9.998875415e-01 0.000000000e+00
CREM_HOLD 9.316484036e-13 2.452661531e-01 9.998875200e-01 0.000000000e+00
CREM_HOLD 9.428913498e-13 2.450485056e-01 9.998874619e-01 0.000000000e+00
CREM_HOLD 9.541342940e-13 2.448033388e-01 9.998873729e-01 0.000000000e+00
CREM_HOLD 9.653772352e-13 2.445791617e-01 9.998872651e-01 0.000000000e+00
CREM_HOLD 9.766201727e-13 2.444206111e-01 9.998871553e-01 0.000000000e+00
CREM_HOLD 9.878631066e-13 2.443582360e-01 9.998870605e-01 0.000000000e+00
CREM_HOLD 9.991060372e-13 2.444012173e-01 9.998869948e-01 0.000000000e+00
CREM_HOLD 1.010045103e-12 2.445328850e-01 9.998869661e-01 0.000000000e+00
CREM_HOLD 1.020984167e-12 2.447188501e-01 9.998869762e-01 0.000000000e+00
CREM_HOLD 1.031923232e-12 2.449160833e-01 9.998870126e-01 0.000000000e+00
CREM_HOLD 1.042862298e-12 2.450796899e-01 9.998870620e-01 0.000000000e+00
CREM_HOLD 1.053801366e-12 2.451720887e-01 9.998871081e-01 0.000000000e+00
CREM_HOLD 1.064740435e-12 2.451703746e-01 9.998871357e-01 0.000000000e+00
CREM_HOLD 1.075679505e-12 2.450706990e-01 9.998871333e-01 0.000000000e+00
CREM_HOLD 1.086618575e-12 2.448890769e-01 9.998870957e-01 0.000000000e+00
CREM_HOLD 1.097557644e-12 2.446584783e-01 9.998870246e-01 0.000000000e+00
CREM_HOLD 1.108496711e-12 2.444225145e-01 9.998869287e-01 0.000000000e+00
CREM_HOLD 1.119435774e-12 2.442266168e-01 9.998868219e-01 0.000000000e+00
CREM_HOLD 1.130374834e-12 2.441083245e-01 9.998867206e-01 0.000000000e+00
CREM_HOLD 1.141313890e-12 2.440888709e-01 9.998866402e-01 0.000000000e+00
CREM_HOLD 1.152252944e-12 2.441682607e-01 9.998865918e-01 0.000000000e+00
CREM_HOLD 1.163191996e-12 2.443252340e-01 9.998865796e-01 0.000000000e+00
CREM_HOLD 1.174131048e-12 2.445221215e-01 9.998866003e-01 0.000000000e+00
CREM_HOLD 1.185070101e-12 2.447132168e-01 9.998866434e-01 0.000000000e+00
CREM_HOLD 1.196009155e-12 2.448545130e-01 9.998866937e-01 0.000000000e+00
CREM_HOLD 1.206948211e-12 2.449126513e-01 9.998867347e-01 0.000000000e+00
CREM_HOLD 1.217887267e-12 2.448714514e-01 9.998867519e-01 0.000000000e+00
CREM_HOLD 1.228826325e-12 2.447350504e-01 9.998867359e-01 0.000000000e+00
CREM_HOLD 1.239765382e-12 2.445272249e-01 9.998866839e-01 0.000000000e+00
CREM_HOLD 1.250704437e-12 2.442869244e-01 9.998866007e-01 0.000000000e+00
CREM_HOLD 1.261643490e-12 2.440605600e-01 9.998864975e-01 0.000000000e+00
CREM_HOLD 1.272582539e-12 2.438922845e-01 9.998863899e-01 0.000000000e+00
CREM_HOLD 1.283521585e-12 2.438142389e-01 9.998862946e-01 0.000000000e+00
CREM_HOLD 1.294460627e-12 2.438391462e-01 9.998862259e-01 0.000000000e+00
CREM_HOLD 1.305399668e-12 2.439572912e-01 9.998861924e-01 0.000000000e+00
CREM_HOLD 1.316338707e-12 2.441387656e-01 9.998861952e-01 0.000000000e+00
CREM_HOLD 1.327277746e-12 2.443403143e-01 9.998862274e-01 0.000000000e+00
CREM_HOLD 1.338216786e-12 2.445148908e-01 9.998862759e-01 0.000000000e+00
CREM_HOLD 1.349155828e-12 2.446215844e-01 9.998863242e-01 0.000000000e+00
CREM_HOLD 1.360094872e-12 2.446338755e-01 9.998863560e-01 0.000000000e+00
CREM_HOLD 1.371033916e-12 2.445448363e-01 9.998863584e-01 0.000000000e+00
CREM_HOLD 1.381972961e-12 2.443685446e-01 9.998863250e-01 0.000000000e+00
CREM_HOLD 1.392912004e-12 2.441374925e-01 9.998862564e-01 0.000000000e+00
CREM_HOLD 1.403851046e-12 2.438962550e-01 9.998861609e-01 0.000000000e+00
CREM_HOLD 1.414790084e-12 2.436923147e-01 9.998860523e-01 0.000000000e+00
CREM_HOLD 1.425729118e-12 2.435657216e-01 9.998859477e-01 0.000000000e+00
CREM_HOLD 1.436668149e-12 2.435399346e-01 9.998858632e-01 0.000000000e+00
CREM_HOLD 1.447607178e-12 2.436162646e-01 9.998858110e-01 0.000000000e+00
CREM_HOLD 1.458546204e-12 2.437735255e-01 9.998857961e-01 0.000000000e+00
CREM_HOLD 1.469485231e-12 2.439729900e-01 9.998858154e-01 0.000000000e+00
CREM_HOLD 1.480424257e-12 2.441672101e-01 9.998858582e-01 0.000000000e+00
CREM_HOLD 1.491363286e-12 2.443103740e-01 9.998859090e-01 0.000000000e+00
CREM_HOLD 1.502302315e-12 2.443678460e-01 9.998859505e-01 0.000000000e+00
CREM_HOLD 1.513241347e-12 2.443231073e-01 9.998859676e-01 0.000000000e+00
CREM_HOLD 1.524180379e-12 2.441810394e-01 9.998859504e-01 0.000000000e+00
CREM_HOLD 1.535119410e-12 2.439670922e-01 9.998858963e-01 0.000000000e+00
CREM_HOLD 1.546058439e-12 2.437223801e-01 9.998858103e-01 0.000000000e+00
CREM_HOLD 1.556997466e-12 2.434953250e-01 9.998857044e-01 0.000000000e+00
CREM_HOLD 1.567936489e-12 2.433312369e-01 9.998855948e-01 0.000000000e+00
CREM_HOLD 1.578875509e-12 2.432620290e-01 9.998854990e-01 0.000000000e+00
CREM_HOLD 1.589814525e-12 2.432986665e-01 9.998854316e-01 0.000000000e+00
CREM_HOLD 1.600753539e-12 2.434284925e-01 9.998854008e-01 0.000000000e+00
CREM_HOLD 1.611692552e-12 2.436182284e-01 9.998854069e-01 0.000000000e+00
CREM_HOLD 1.622631566e-12 2.438217450e-01 9.998854421e-01 0.000000000e+00
CREM_HOLD 1.633570580e-12 2.439904335e-01 9.998854920e-01 0.000000000e+00
CREM_HOLD 1.644509596e-12 2.440836333e-01 9.998855393e-01 0.000000000e+00
CREM_HOLD 1.655448614e-12 2.440769813e-01 9.998855672e-01 0.000000000e+00
CREM_HOLD 1.666387633e-12 2.439672969e-01 9.998855634e-01 0.000000000e+00
CREM_HOLD 1.677326651e-12 2.437733087e-01 9.998855222e-01 0.000000000e+00
CREM_HOLD 1.688265669e-12 2.435320769e-01 9.998854459e-01 0.000000000e+00
CREM_HOLD 1.699204683e-12 2.432915179e-01 9.998853443e-01 0.000000000e+00
CREM_HOLD 1.710143695e-12 2.431001778e-01 9.998852329e-01 0.000000000e+00
CREM_HOLD 1.721082702e-12 2.429962737e-01 9.998851294e-01 0.000000000e+00
CREM_HOLD 1.732021706e-12 2.429986554e-01 9.998850502e-01 0.000000000e+00
CREM_HOLD 1.742656847e-12 2.431004762e-01 9.998850061e-01 0.000000000e+00
CREM_HOLD 1.753291986e-12 2.432725742e-01 9.998850033e-01 0.000000000e+00
CREM_HOLD 1.763927125e-12 2.434746850e-01 9.998850317e-01 0.000000000e+00
CREM_HOLD 1.774562265e-12 2.436607077e-01 9.998850796e-01 0.000000000e+00
CREM_HOLD 1.785197407e-12 2.437883596e-01 9.998851313e-01 0.000000000e+00
CREM_HOLD 1.795832550e-12 2.438276287e-01 9.998851704e-01 0.000000000e+00
CREM_HOLD 1.806467694e-12 2.437665677e-01 9.998851833e-01 0.000000000e+00
CREM_HOLD 1.817102839e-12 2.436136092e-01 9.998851616e-01 0.000000000e+00
CREM_HOLD 1.827737983e-12 2.433960862e-01 9.998851043e-01 0.000000000e+00
CREM_HOLD 1.838373125e-12 2.431550799e-01 9.998850173e-01 0.000000000e+00
CREM_HOLD 1.849008265e-12 2.429372553e-01 9.998849129e-01 0.000000000e+00
CREM_HOLD 1.859643401e-12 2.427850482e-01 9.998848073e-01 0.000000000e+00
CREM_HOLD 1.870278534e-12 2.427272661e-01 9.998847168e-01 0.000000000e+00
CREM_HOLD 1.880913663e-12 2.427724533e-01 9.998846551e-01 0.000000000e+00
CREM_HOLD 1.891548791e-12 2.429068636e-01 9.998846295e-01 0.000000000e+00
CREM_HOLD 1.902183918e-12 2.430976297e-01 9.998846397e-01 0.000000000e+00
CREM_HOLD 1.912819046e-12 2.433002021e-01 9.998846775e-01 0.000000000e+00
CREM_HOLD 1.923454174e-12 2.434680488e-01 9.998847292e-01 0.000000000e+00
CREM_HOLD 1.934089305e-12 2.435623186e-01 9.998847779e-01 0.000000000e+00
CREM_HOLD 1.944724437e-12 2.435595643e-01 9.998848078e-01 0.000000000e+00
CREM_HOLD 1.955359569e-12 2.434562902e-01 9.998848068e-01 0.000000000e+00
CREM_HOLD 1.965994702e-12 2.432697051e-01 9.998847694e-01 0.000000000e+00
CREM_HOLD 1.976629834e-12 2.430345428e-01 9.998846976e-01 0.000000000e+00
CREM_HOLD 1.987264963e-12 2.427962945e-01 9.998846003e-01 0.000000000e+00
CREM_HOLD 1.997900089e-12 2.426018394e-01 9.998844923e-01 0.000000000e+00
CREM_HOLD 2.008535212e-12 2.424892337e-01 9.998843905e-01 0.000000000e+00
CREM_HOLD 2.019170331e-12 2.424790218e-01 9.998843107e-01 0.000000000e+00
CREM_HOLD 2.029805448e-12 2.425693888e-01 9.998842644e-01 0.000000000e+00
CREM_HOLD 2.040440564e-12 2.427365580e-01 9.998842555e-01 0.000000000e+00
CREM_HOLD 2.051075679e-12 2.429403056e-01 9.998842800e-01 0.000000000e+00
CREM_HOLD 2.061710795e-12 2.431330142e-01 9.998843265e-01 0.000000000e+00
CREM_HOLD 2.072345912e-12 2.432699241e-01 9.998843791e-01 0.000000000e+00
CREM_HOLD 2.082981031e-12 2.433183240e-01 9.998844207e-01 0.000000000e+00
CREM_HOLD 2.093616152e-12 2.432640229e-01 9.998844366e-01 0.000000000e+00
CREM_HOLD 2.104251273e-12 2.431141499e-01 9.998844176e-01 0.000000000e+00
CREM_HOLD 2.114886393e-12 2.428958968e-01 9.998843617e-01 0.000000000e+00
CREM_HOLD 2.125521512e-12 2.426512970e-01 9.998842747e-01 0.000000000e+00
CREM_HOLD 2.136156627e-12 2.424287111e-01 9.998841689e-01 0.000000000e+00
CREM_HOLD 2.146791740e-12 2.422724555e-01 9.998840609e-01 0.000000000e+00
CREM_HOLD 2.157426849e-12 2.422127834e-01 9.998839679e-01 0.000000000e+00
CREM_HOLD 2.168061955e-12 2.422587656e-01 9.998839041e-01 0.000000000e+00
CREM_HOLD 2.178697059e-12 2.423960922e-01 9.998838773e-01 0.000000000e+00
CREM_HOLD 2.189332162e-12 2.425904449e-01 9.998838872e-01 0.000000000e+00
CREM_HOLD 2.199967265e-12 2.427954336e-01 9.998839256e-01 0.000000000e+00
CREM_HOLD 2.210602370e-12 2.429629087e-01 9.998839778e-01 0.000000000e+00
CREM_HOLD 2.221237476e-12 2.430531661e-01 9.998840265e-01 0.000000000e+00
CREM_HOLD 2.231872584e-12 2.430430011e-01 9.998840553e-01 0.000000000e+00
CREM_HOLD 2.242507693e-12 2.429303098e-01 9.998840520e-01 0.000000000e+00
CREM_HOLD 2.253142801e-12 2.427345960e-01 9.998840112e-01 0.000000000e+00
CREM_HOLD 2.263777909e-12 2.424932708e-01 9.998839354e-01 0.000000000e+00
CREM_HOLD 2.274413014e-12 2.422541635e-01 9.998838346e-01 0.000000000e+00
CREM_HOLD 2.285048116e-12 2.420653902e-01 9.998837243e-01 0.000000000e+00
CREM_HOLD 2.295683214e-12 2.419645744e-01 9.998836223e-01 0.000000000e+00
CREM_HOLD 2.306318309e-12 2.419700205e-01 9.998835446e-01 0.000000000e+00
CREM_HOLD 2.316953401e-12 2.420762828e-01 9.998835022e-01 0.000000000e+00
CREM_HOLD 2.327588492e-12 2.422554474e-01 9.998834982e-01 0.000000000e+00
CREM_HOLD 2.338223583e-12 2.424637289e-01 9.998835272e-01 0.000000000e+00
CREM_HOLD 2.348858675e-12 2.426514746e-01 9.998835763e-01 0.000000000e+00
CREM_HOLD 2.359493769e-12 2.427739977e-01 9.998836287e-01 0.000000000e+00
CREM_HOLD 2.370128864e-12 2.428008781e-01 9.998836666e-01 0.000000000e+00
CREM_HOLD 2.380763960e-12 2.427220880e-01 9.998836758e-01 0.000000000e+00
CREM_HOLD 2.391399057e-12 2.425500460e-01 9.998836480e-01 0.000000000e+00
CREM_HOLD 2.402034153e-12 2.423172962e-01 9.998835829e-01 0.000000000e+00
CREM_HOLD 2.412669246e-12 2.420700403e-01 9.998834883e-01 0.000000000e+00
CREM_HOLD 2.423304337e-12 2.418584316e-01 9.998833782e-01 0.000000000e+00
CREM_HOLD 2.433939424e-12 2.417254147e-01 9.998832704e-01 0.000000000e+00
CREM_HOLD 2.444574508e-12 2.416966739e-01 9.998831824e-01 0.000000000e+00
CREM_HOLD 2.455209589e-12 2.417744002e-01 9.998831273e-01 0.000000000e+00
CREM_HOLD 2.465844668e-12 2.419367214e-01 9.998831111e-01 0.000000000e+00
CREM_HOLD 2.476479747e-12 2.421429593e-01 9.998831308e-01 0.000000000e+00
CREM_HOLD 2.487114826e-12 2.423431416e-01 9.998831757e-01 0.000000000e+00
CREM_HOLD 2.497749907e-12 2.424891857e-01 9.998832292e-01 0.000000000e+00
CREM_HOLD 2.508384989e-12 2.425451514e-01 9.998832732e-01 0.000000000e+00
CREM_HOLD 2.519020073e-12 2.424946096e-01 9.998832918e-01 0.000000000e+00
CREM_HOLD 2.529655157e-12 2.423439884e-01 9.998832744e-01 0.000000000e+00
CREM_HOLD 2.540290241e-12 2.421214188e-01 9.998832186e-01 0.000000000e+00
CREM_HOLD 2.550621464e-12 2.418794472e-01 9.998831299e-01 0.000000000e+00
CREM_HOLD 2.560952684e-12 2.416585907e-01 9.998830264e-01 0.000000000e+00
CREM_HOLD 2.571283900e-12 2.415021580e-01 9.998829205e-01 0.000000000e+00
CREM_HOLD 2.581615114e-12 2.414401093e-01 9.998828289e-01 0.000000000e+00
CREM_HOLD 2.591946324e-12 2.414821629e-01 9.998827657e-01 0.000000000e+00
CREM_HOLD 2.602277533e-12 2.416154966e-01 9.998827388e-01 0.000000000e+00
CREM_HOLD 2.612608740e-12 2.418077108e-01 9.998827483e-01 0.000000000e+00
CREM_HOLD 2.622939948e-12 2.420141806e-01 9.998827867e-01 0.000000000e+00
CREM_HOLD 2.633271158e-12 2.421877963e-01 9.998828401e-01 0.000000000e+00
CREM_HOLD 2.643602368e-12 2.422887650e-01 9.998828917e-01 0.000000000e+00
CREM_HOLD 2.653933581e-12 2.422925247e-01 9.998829252e-01 0.000000000e+00
CREM_HOLD 2.664264794e-12 2.421944995e-01 9.998829281e-01 0.000000000e+00
CREM_HOLD 2.674596008e-12 2.420110512e-01 9.998828943e-01 0.000000000e+00
CREM_HOLD 2.684927221e-12 2.417764676e-01 9.998828253e-01 0.000000000e+00
CREM_HOLD 2.695258431e-12 2.415363074e-01 9.998827298e-01 0.000000000e+00
CREM_HOLD 2.705589638e-12 2.413380509e-01 9.998826223e-01 0.000000000e+00
CREM_HOLD 2.715920843e-12 2.412207913e-01 9.998825198e-01 0.000000000e+00
CREM_HOLD 2.726252043e-12 2.412063291e-01 9.998824386e-01 0.000000000e+00
CREM_HOLD 2.736583242e-12 2.412940378e-01 9.998823907e-01 0.000000000e+00
CREM_HOLD 2.746914439e-12 2.414609850e-01 9.998823806e-01 0.000000000e+00
CREM_HOLD 2.757245635e-12 2.416672613e-01 9.998824048e-01 0.000000000e+00
CREM_HOLD 2.767576833e-12 2.418649815e-01 9.998824524e-01 0.000000000e+00
CREM_HOLD 2.777908032e-12 2.420086126e-01 9.998825073e-01 0.000000000e+00
CREM_HOLD 2.788239232e-12 2.420643307e-01 9.998825524e-01 0.000000000e+00
CREM_HOLD 2.798570434e-12 2.420167064e-01 9.998825723e-01 0.000000000e+00
CREM_HOLD 2.808901637e-12 2.418717322e-01 9.998825574e-01 0.000000000e+00
CREM_HOLD 2.819232839e-12 2.416557825e-01 9.998825051e-01 0.000000000e+00
CREM_HOLD 2.829564039e-12 2.414105728e-01 9.998824206e-01 0.000000000e+00
CREM_HOLD 2.839895237e-12 2.411847506e-01 9.998823161e-01 0.000000000e+00
CREM_HOLD 2.850226432e-12 2.410235094e-01 9.998822079e-01 0.000000000e+00
CREM_HOLD 2.860557623e-12 2.409584107e-01 9.998821137e-01 0.000000000e+00
CREM_HOLD 2.870888811e-12 2.409999770e-01 9.998820481e-01 0.000000000e+00
CREM_HOLD 2.881219998e-12 2.411351541e-01 9.998820195e-01 0.000000000e+00
CREM_HOLD 2.891551183e-12 2.413303899e-01 9.998820285e-01 0.000000000e+00
CREM_HOLD 2.901882369e-12 2.415394068e-01 9.998820671e-01 0.000000000e+00
CREM_HOLD 2.912213556e-12 2.417135067e-01 9.998821210e-01 0.000000000e+00
CREM_HOLD 2.922544744e-12 2.418119035e-01 9.998821729e-01 0.000000000e+00
CREM_HOLD 2.932875934e-12 2.418099935e-01 9.998822058e-01 0.000000000e+00
CREM_HOLD 2.943207126e-12 2.417042174e-01 9.998822070e-01 0.000000000e+00
CREM_HOLD 2.953538317e-12 2.415128414e-01 9.998821705e-01 0.000000000e+00
CREM_HOLD 2.963869507e-12 2.412725123e-01 9.998820981e-01 0.000000000e+00
CREM_HOLD 2.974200695e-12 2.410309669e-01 9.998819995e-01 0.000000000e+00
CREM_HOLD 2.984531880e-12 2.408369806e-01 9.998818897e-01 0.000000000e+00
CREM_HOLD 2.994863061e-12 2.407295006e-01 9.998817867e-01 0.000000000e+00
CREM_HOLD 3.005194239e-12 2.407285479e-01 9.998817070e-01 0.000000000e+00
CREM_HOLD 3.015525415e-12 2.408303898e-01 9.998816624e-01 0.000000000e+00
CREM_HOLD 3.025856589e-12 2.410084115e-01 9.998816565e-01 0.000000000e+00
CREM_HOLD 3.036187763e-12 2.412194129e-01 9.998816848e-01 0.000000000e+00
CREM_HOLD 3.046518938e-12 2.414134956e-01 9.998817349e-01 0.000000000e+00
CREM_HOLD 3.056850115e-12 2.415449643e-01 9.998817900e-01 0.000000000e+00
CREM_HOLD 3.067181293e-12 2.415818404e-01 9.998818320e-01 0.000000000e+00
CREM_HOLD 3.077512473e-12 2.415122855e-01 9.998818462e-01 0.000000000e+00
CREM_HOLD 3.087843653e-12 2.413469956e-01 9.998818236e-01 0.000000000e+00
CREM_HOLD 3.098174832e-12 2.411172256e-01 9.998817630e-01 0.000000000e+00
CREM_HOLD 3.108506010e-12 2.408686237e-01 9.998816714e-01 0.000000000e+00
CREM_HOLD 3.118837184e-12 2.406517160e-01 9.998815626e-01 0.000000000e+00
CREM_HOLD 3.129168356e-12 2.405107461e-01 9.998814542e-01 0.000000000e+00
CREM_HOLD 3.139499524e-12 2.404733828e-01 9.998813641e-01 0.000000000e+00
CREM_HOLD 3.149830689e-12 2.405440393e-01 9.998813061e-01 0.000000000e+00
CREM_HOLD 3.160161852e-12 2.407027662e-01 9.998812871e-01 0.000000000e+00
CREM_HOLD 3.170493015e-12 2.409100486e-01 9.998813052e-01 0.000000000e+00
CREM_HOLD 3.180824178e-12 2.411160599e-01 9.998813502e-01 0.000000000e+00
CREM_HOLD 3.191155343e-12 2.412718327e-01 9.998814059e-01 0.000000000e+00
CREM_HOLD 3.201486509e-12 2.413397091e-01 9.998814540e-01 0.000000000e+00
CREM_HOLD 3.211817677e-12 2.413010504e-01 9.998814780e-01 0.000000000e+00
CREM_HOLD 3.222148846e-12 2.411600016e-01 9.998814667e-01 0.000000000e+00
CREM_HOLD 3.232480014e-12 2.409427889e-01 9.998814164e-01 0.000000000e+00
CREM_HOLD 3.242811181e-12 2.406925700e-01 9.998813319e-01 0.000000000e+00
CREM_HOLD 3.253142345e-12 2.404604904e-01 9.998812253e-01 0.000000000e+00
CREM_HOLD 3.263473506e-12 2.402944462e-01 9.998811139e-01 0.000000000e+00
CREM_HOLD 3.273804663e-12 2.402279712e-01 9.998810163e-01 0.000000000e+00
CREM_HOLD 3.284135817e-12 2.402721214e-01 9.998809479e-01 0.000000000e+00
CREM_HOLD 3.294163112e-12 2.404097520e-01 9.998809181e-01 0.000000000e+00
CREM_HOLD 3.304190406e-12 2.406055380e-01 9.998809297e-01 0.000000000e+00
CREM_HOLD 3.314217700e-12 2.408145839e-01 9.998809701e-01 0.000000000e+00
CREM_HOLD 3.324244996e-12 2.409897493e-01 9.998810256e-01 0.000000000e+00
CREM_HOLD 3.334272293e-12 2.410913952e-01 9.998810792e-01 0.000000000e+00
CREM_HOLD 3.344299592e-12 2.410952137e-01 9.998811146e-01 0.000000000e+00
CREM_HOLD 3.354326891e-12 2.409968994e-01 9.998811193e-01 0.000000000e+00
CREM_HOLD 3.364354191e-12 2.408130411e-01 9.998810870e-01 0.000000000e+00
CREM_HOLD 3.374381490e-12 2.405780838e-01 9.998810192e-01 0.000000000e+00
CREM_HOLD 3.384408787e-12 2.403376794e-01 9.998809247e-01 0.000000000e+00
CREM_HOLD 3.394436081e-12 2.401393688e-01 9.998808177e-01 0.000000000e+00
CREM_HOLD 3.404463372e-12 2.400223122e-01 9.998807157e-01 0.000000000e+00
CREM_HOLD 3.414490660e-12 2.400084133e-01 9.998806348e-01 0.000000000e+00
CREM_HOLD 3.424517945e-12 2.400971871e-01 9.998805872e-01 0.000000000e+00
CREM_HOLD 3.434545229e-12 2.402658519e-01 9.998805777e-01 0.000000000e+00
CREM_HOLD 3.444572513e-12 2.404746039e-01 9.998806029e-01 0.000000000e+00
CREM_HOLD 3.454599797e-12 2.406755571e-01 9.998806520e-01 0.000000000e+00
CREM_HOLD 3.464627083e-12 2.408230221e-01 9.998807091e-01 0.000000000e+00
CREM_HOLD 3.474654371e-12 2.408828431e-01 9.998807567e-01 0.000000000e+00
CREM_HOLD 3.484681660e-12 2.408391038e-01 9.998807797e-01 0.000000000e+00
CREM_HOLD 3.494708950e-12 2.406972229e-01 9.998807679e-01 0.000000000e+00
CREM_HOLD 3.504736239e-12 2.404830257e-01 9.998807184e-01 0.000000000e+00
CREM_HOLD 3.514763527e-12 2.402378490e-01 9.998806362e-01 0.000000000e+00
CREM_HOLD 3.524790812e-12 2.400102771e-01 9.998805330e-01 0.000000000e+00
CREM_HOLD 3.534818095e-12 2.398458543e-01 9.998804253e-01 0.000000000e+00
CREM_HOLD 3.544845374e-12 2.397769053e-01 9.998803306e-01 0.000000000e+00
CREM_HOLD 3.554872650e-12 2.398150032e-01 9.998802639e-01 0.000000000e+00
CREM_HOLD 3.564899924e-12 2.399481998e-01 9.998802343e-01 0.000000000e+00
CREM_HOLD 3.574927197e-12 2.401438341e-01 9.998802426e-01 0.000000000e+00
CREM_HOLD 3.584954471e-12 2.403560720e-01 9.998802814e-01 0.000000000e+00
CREM_HOLD 3.594981746e-12 2.405360801e-01 9.998803369e-01 0.000000000e+00
CREM_HOLD 3.605009022e-12 2.406423476e-01 9.998803916e-01 0.000000000e+00
CREM_HOLD 3.615036300e-12 2.406490608e-01 9.998804285e-01 0.000000000e+00
CREM_HOLD 3.625063579e-12 2.405511645e-01 9.998804344e-01 0.000000000e+00
CREM_HOLD 3.635090859e-12 2.403654162e-01 9.998804025e-01 0.000000000e+00
CREM_HOLD 3.645118137e-12 2.401272627e-01 9.998803342e-01 0.000000000e+00
CREM_HOLD 3.655145413e-12 2.398838666e-01 9.998802383e-01 0.000000000e+00
CREM_HOLD 3.665172687e-12 2.396842910e-01 9.998801296e-01 0.000000000e+00
CREM_HOLD 3.675199957e-12 2.395686870e-01 9.998800259e-01 0.000000000e+00
CREM_HOLD 3.685227224e-12 2.395590064e-01 9.998799441e-01 0.000000000e+00
CREM_HOLD 3.695254489e-12 2.396537546e-01 9.998798966e-01 0.000000000e+00
CREM_HOLD 3.705281752e-12 2.398283253e-01 9.998798882e-01 0.000000000e+00
CREM_HOLD 3.715309015e-12 2.400408031e-01 9.998799149e-01 0.000000000e+00
CREM_HOLD 3.725336278e-12 2.402415379e-01 9.998799653e-01 0.000000000e+00
CREM_HOLD 3.735363544e-12 2.403839715e-01 9.998800228e-01 0.000000000e+00
CREM_HOLD 3.745390810e-12 2.404343017e-01 9.998800695e-01 0.000000000e+00
CREM_HOLD 3.755418079e-12 2.403782320e-01 9.998800897e-01 0.000000000e+00
CREM_HOLD 3.765445348e-12 2.402238152e-01 9.998800737e-01 0.000000000e+00
CREM_HOLD 3.775472616e-12 2.400000041e-01 9.998800193e-01 0.000000000e+00
CREM_HOLD 3.785499883e-12 2.397510211e-01 9.998799323e-01 0.000000000e+00
CREM_HOLD 3.795527147e-12 2.395272779e-01 9.998798258e-01 0.000000000e+00
CREM_HOLD 3.805554408e-12 2.393744030e-01 9.998797171e-01 0.000000000e+00
CREM_HOLD 3.815581666e-12 2.393227679e-01 9.998796241e-01 0.000000000e+00
CREM_HOLD 3.825608921e-12 2.393802337e-01 9.998795617e-01 0.000000000e+00
CREM_HOLD 3.835636174e-12 2.395302227e-01 9.998795379e-01 0.000000000e+00
CREM_HOLD 3.845663427e-12 2.397356882e-01 9.998795523e-01 0.000000000e+00
CREM_HOLD 3.855690679e-12 2.399477802e-01 9.998795958e-01 0.000000000e+00
CREM_HOLD 3.865717933e-12 2.401167977e-01 9.998796530e-01 0.000000000e+00
CREM_HOLD 3.875745189e-12 2.402027882e-01 9.998797058e-01 0.000000000e+00
CREM_HOLD 3.885772447e-12 2.401836972e-01 9.998797371e-01 0.000000000e+00
CREM_HOLD 3.895799705e-12 2.400597718e-01 9.998797344e-01 0.000000000e+00
CREM_HOLD 3.905826963e-12 2.398536151e-01 9.998796927e-01 0.000000000e+00
CREM_HOLD 3.915854220e-12 2.396058272e-01 9.998796151e-01 0.000000000e+00
END idx 15 ortho stop=none photons=1 nE=nan L=nan e=0.00000 rp/eps=nan n/psi0=0.0000e+00 ET=nan S=1.000000 Gf=0.000000e+00 check=0.000000e+00
