BEGIN 2 1
CREM_HOLD 0.000000000e+00 5.472854604e-01 1.000000000e+00 9.980614542e-01
CREM_HOLD 3.039659688e-16 5.472854670e-01 1.000009937e+00 9.980591484e-01
CREM_HOLD 6.787762329e-13 5.473227694e-01 1.000009937e+00 9.819378474e-01
CREM_HOLD 1.357856449e-12 5.473751214e-01 1.000008954e+00 8.841723444e-01
CREM_HOLD 2.037238637e-12 5.474515785e-01 1.000002990e+00 6.844671153e-01
CREM_HOLD 5.432872886e-12 5.472665430e-01 1.000010056e+00 9.978497100e-01
CREM_HOLD 8.828521791e-12 5.473102982e-01 1.000002890e+00 9.816178786e-01
CREM_HOLD 1.222269080e-11 5.473406849e-01 1.000008847e+00 8.751477210e-01
CREM_HOLD 1.561801912e-11 5.472409494e-01 1.000009939e+00 9.999961813e-01
CREM_HOLD 1.901218593e-11 5.472993102e-01 9.999908672e-01 8.897590008e-01
CREM_HOLD 2.240449338e-11 5.472067221e-01 1.000009887e+00 9.757855326e-01
CREM_HOLD 2.579891141e-11 5.472173139e-01 1.000009152e+00 9.985206314e-01
CREM_HOLD 2.919096442e-11 5.473691436e-01 1.000000745e+00 6.923095981e-01
CREM_HOLD 3.258295225e-11 5.471678975e-01 1.000010056e+00 9.965380026e-01
CREM_HOLD 3.597555682e-11 5.471483255e-01 1.000004880e+00 9.876168610e-01
CREM_HOLD 3.936456292e-11 5.472611973e-01 1.000007982e+00 8.124364465e-01
CREM_HOLD 4.275654818e-11 5.471431724e-01 1.000010008e+00 9.998263212e-01
CREM_HOLD 4.614796851e-11 5.471497604e-01 9.999932495e-01 9.336154508e-01
CREM_HOLD 4.953633573e-11 5.471501684e-01 1.000009705e+00 9.554864876e-01
CREM_HOLD 5.292710573e-11 5.470735840e-01 1.000009594e+00 9.995187418e-01
CREM_HOLD 5.631581191e-11 5.472176898e-01 9.999948195e-01 7.707963870e-01
CREM_HOLD 5.970415682e-11 5.471101660e-01 1.000010025e+00 9.914128874e-01
CREM_HOLD 6.309371553e-11 5.470365948e-01 1.000007598e+00 9.948435030e-01
CREM_HOLD 6.648029546e-11 5.471913428e-01 1.000005361e+00 7.087701918e-01
CREM_HOLD 6.986802592e-11 5.470406824e-01 1.000010059e+00 9.986808474e-01
CREM_HOLD 7.325577710e-11 5.470403988e-01 1.000000745e+00 9.744250521e-01
CREM_HOLD 7.664173355e-11 5.470800433e-01 1.000009012e+00 8.883208156e-01
CREM_HOLD 8.002794277e-11 5.469823913e-01 1.000009926e+00 9.999966605e-01
CREM_HOLD 8.341329291e-11 5.470479450e-01 9.999909994e-01 8.973971784e-01
CREM_HOLD 8.679800257e-11 5.469808414e-01 1.000009850e+00 9.704577009e-01
CREM_HOLD 9.018330128e-11 5.469670660e-01 1.000009328e+00 9.989594822e-01
CREM_HOLD 9.356744961e-11 5.470796097e-01 9.999976597e-01 7.264751381e-01
CREM_HOLD 9.695092851e-11 5.468965194e-01 1.000010044e+00 9.929846076e-01
CREM_HOLD 1.003350169e-10 5.469434562e-01 1.000007134e+00 9.936700503e-01
CREM_HOLD 1.037170364e-10 5.470540989e-01 1.000005965e+00 7.237940659e-01
CREM_HOLD 1.070999033e-10 5.468578425e-01 1.000010060e+00 9.987935057e-01
CREM_HOLD 1.104824877e-10 5.468957302e-01 1.000000449e+00 9.734011308e-01
CREM_HOLD 1.138626679e-10 5.469275668e-01 1.000008898e+00 8.785937945e-01
CREM_HOLD 1.172449255e-10 5.468397793e-01 1.000009949e+00 9.999850954e-01
CREM_HOLD 1.206266258e-10 5.468807639e-01 9.999913465e-01 9.078371027e-01
CREM_HOLD 1.240052583e-10 5.468227761e-01 1.000009768e+00 9.609974759e-01
CREM_HOLD 1.273863014e-10 5.468004911e-01 1.000009527e+00 9.993968052e-01
CREM_HOLD 1.307658883e-10 5.469244600e-01 9.999948333e-01 7.699788875e-01
CREM_HOLD 1.341442021e-10 5.467768251e-01 1.000010016e+00 9.888390633e-01
CREM_HOLD 1.375243362e-10 5.467424773e-01 1.000008134e+00 9.962073466e-01
CREM_HOLD 1.409011894e-10 5.469262850e-01 1.000003246e+00 6.851453378e-01
CREM_HOLD 1.442798012e-10 5.467500996e-01 1.000010072e+00 9.971246399e-01
CREM_HOLD 1.476587285e-10 5.466962636e-01 1.000004246e+00 9.858709460e-01
CREM_HOLD 1.510334463e-10 5.468291461e-01 1.000007621e+00 7.908899091e-01
CREM_HOLD 1.544111452e-10 5.467075582e-01 1.000010039e+00 9.995224459e-01
CREM_HOLD 1.577888764e-10 5.466864039e-01 9.999967288e-01 9.573097861e-01
CREM_HOLD 1.611629674e-10 5.467337343e-01 1.000009261e+00 9.098102438e-01
CREM_HOLD 1.645394498e-10 5.466479568e-01 1.000009886e+00 9.999904120e-01
CREM_HOLD 1.679144661e-10 5.467045370e-01 9.999908352e-01 8.902713503e-01
CREM_HOLD 1.712876235e-10 5.466753292e-01 1.000009824e+00 9.662129285e-01
CREM_HOLD 1.746625872e-10 5.465895771e-01 1.000009439e+00 9.992574900e-01
CREM_HOLD 1.780354863e-10 5.467294749e-01 9.999945608e-01 7.743614605e-01
CREM_HOLD 1.814083289e-10 5.466272640e-01 1.000010014e+00 9.875805053e-01
CREM_HOLD 1.847820790e-10 5.465479760e-01 1.000008320e+00 9.966945918e-01
CREM_HOLD 1.881528526e-10 5.467218526e-01 1.000001785e+00 6.860049103e-01
CREM_HOLD 1.915250817e-10 5.465739346e-01 1.000010073e+00 9.955648102e-01
CREM_HOLD 1.948970142e-10 5.465229723e-01 1.000005834e+00 9.903398188e-01
CREM_HOLD 1.982671758e-10 5.466600366e-01 1.000006349e+00 7.354010948e-01
CREM_HOLD 2.016381878e-10 5.465153879e-01 1.000010070e+00 9.986424318e-01
CREM_HOLD 2.050089153e-10 5.465059638e-01 1.000001200e+00 9.761338780e-01
CREM_HOLD 2.083775464e-10 5.465764247e-01 1.000008471e+00 8.443212862e-01
CREM_HOLD 2.117473414e-10 5.464612791e-01 1.000010009e+00 9.997802078e-01
CREM_HOLD 2.151165665e-10 5.464927964e-01 9.999949053e-01 9.466819156e-01
CREM_HOLD 2.184845730e-10 5.465003183e-01 1.000009386e+00 9.207089419e-01
CREM_HOLD 2.218528484e-10 5.464170216e-01 1.000009857e+00 9.999788032e-01
CREM_HOLD 2.252205689e-10 5.464849413e-01 9.999908489e-01 8.921889190e-01
CREM_HOLD 2.285873434e-10 5.464350169e-01 1.000009786e+00 9.609744217e-01
CREM_HOLD 2.319544037e-10 5.463821568e-01 1.000009540e+00 9.994854795e-01
CREM_HOLD 2.353203094e-10 5.464824875e-01 9.999927144e-01 8.090399638e-01
CREM_HOLD 2.386855548e-10 5.463751994e-01 1.000009966e+00 9.807918163e-01
CREM_HOLD 2.420514001e-10 5.463520744e-01 1.000008930e+00 9.981557757e-01
CREM_HOLD 2.454160935e-10 5.464778342e-01 9.999979584e-01 7.218472655e-01
CREM_HOLD 2.487807259e-10 5.463200881e-01 1.000010048e+00 9.904812658e-01
CREM_HOLD 2.521450544e-10 5.463203987e-01 1.000007840e+00 9.955514965e-01
CREM_HOLD 2.555079240e-10 5.464536054e-01 1.000002647e+00 6.842144819e-01
CREM_HOLD 2.588713375e-10 5.462702518e-01 1.000010081e+00 9.953367125e-01
CREM_HOLD 2.622344544e-10 5.462881659e-01 1.000006034e+00 9.909102021e-01
CREM_HOLD 2.655961051e-10 5.464006003e-01 1.000005707e+00 7.169408498e-01
CREM_HOLD 2.689583020e-10 5.462236709e-01 1.000010084e+00 9.978103711e-01
CREM_HOLD 2.723205129e-10 5.462552939e-01 1.000003346e+00 9.832035686e-01
CREM_HOLD 2.756812458e-10 5.463347389e-01 1.000007494e+00 7.836873463e-01
CREM_HOLD 2.790422264e-10 5.461839071e-01 1.000010063e+00 9.990815135e-01
CREM_HOLD 2.824029265e-10 5.462210979e-01 9.999998266e-01 9.711154384e-01
CREM_HOLD 2.857621310e-10 5.462629596e-01 1.000008524e+00 8.476340897e-01
CREM_HOLD 2.891215910e-10 5.461434858e-01 1.000010018e+00 9.997124404e-01
CREM_HOLD 2.924810858e-10 5.461907603e-01 9.999959856e-01 9.533330591e-01
CREM_HOLD 2.958390644e-10 5.461976352e-01 1.000009122e+00 8.956002755e-01
CREM_HOLD 2.991976123e-10 5.461083787e-01 1.000009945e+00 9.999660457e-01
CREM_HOLD 3.025555971e-10 5.461610643e-01 9.999927314e-01 9.288425573e-01
CREM_HOLD 3.059120457e-10 5.461379653e-01 1.000009479e+00 9.284315515e-01
CREM_HOLD 3.092687704e-10 5.460700516e-01 1.000009836e+00 9.999691907e-01
CREM_HOLD 3.126252429e-10 5.461358043e-01 9.999909421e-01 8.974901167e-01
CREM_HOLD 3.159804675e-10 5.460861230e-01 1.000009697e+00 9.501886638e-01
CREM_HOLD 3.193362808e-10 5.460332239e-01 1.000009686e+00 9.997801249e-01
CREM_HOLD 3.226912387e-10 5.461144431e-01 9.999908770e-01 8.607547871e-01
CREM_HOLD 3.260455457e-10 5.460397072e-01 1.000009834e+00 9.644956457e-01
CREM_HOLD 3.293998393e-10 5.459938033e-01 1.000009490e+00 9.994262612e-01
CREM_HOLD 3.327532810e-10 5.460891325e-01 9.999921134e-01 8.214565213e-01
CREM_HOLD 3.361063685e-10 5.459949387e-01 1.000009922e+00 9.739732327e-01
CREM_HOLD 3.394594464e-10 5.459523801e-01 1.000009249e+00 9.989288869e-01
CREM_HOLD 3.428113703e-10 5.460672737e-01 9.999939664e-01 7.837436523e-01
CREM_HOLD 3.461632395e-10 5.459554906e-01 1.000009980e+00 9.803292099e-01
CREM_HOLD 3.495151020e-10 5.459106367e-01 1.000008967e+00 9.983082610e-01
CREM_HOLD 3.528658113e-10 5.460421350e-01 9.999959040e-01 7.510701542e-01
CREM_HOLD 3.562164628e-10 5.459194027e-01 1.000010018e+00 9.846620488e-01
CREM_HOLD 3.595671103e-10 5.458669417e-01 1.000008654e+00 9.975932559e-01
CREM_HOLD 3.629163003e-10 5.460120501e-01 9.999976478e-01 7.254705795e-01
CREM_HOLD 3.662660384e-10 5.458824459e-01 1.000010044e+00 9.876292729e-01
CREM_HOLD 3.696157749e-10 5.458189232e-01 1.000008330e+00 9.968355211e-01
CREM_HOLD 3.729634451e-10 5.459778636e-01 9.999990503e-01 7.078672354e-01
CREM_HOLD 3.763119663e-10 5.458434420e-01 1.000010061e+00 9.896306854e-01
CREM_HOLD 3.796601838e-10 5.457713535e-01 1.000008020e+00 9.960938212e-01
CREM_HOLD 3.830063341e-10 5.459422494e-01 1.000000114e+00 6.969212415e-01
CREM_HOLD 3.863536386e-10 5.458053157e-01 1.000010072e+00 9.909749381e-01
CREM_HOLD 3.897009450e-10 5.457253147e-01 1.000007750e+00 9.954395809e-01
CREM_HOLD 3.930458792e-10 5.459059302e-01 1.000000855e+00 6.909209284e-01
CREM_HOLD 3.963919674e-10 5.457647796e-01 1.000010079e+00 9.918053824e-01
CREM_HOLD 3.997380584e-10 5.456812021e-01 1.000007545e+00 9.949402837e-01
CREM_HOLD 4.030814725e-10 5.458682801e-01 1.000001318e+00 6.880000775e-01
CREM_HOLD 4.064266484e-10 5.457208139e-01 1.000010083e+00 9.922261121e-01
CREM_HOLD 4.097718279e-10 5.456411510e-01 1.000007433e+00 9.946622117e-01
END idx  2 para  stop=none photons=1 nE=nan L=nan e=0.00000 rp/eps=nan n/psi0=0.0000e+00 ET=nan S=1.000000 Gf=0.000000e+00 check=0.000000e+00
BEGIN 2 2
CREM_HOLD 0.000000000e+00 5.470203618e-01 1.000000000e+00 0.000000000e+00
CREM_HOLD 2.708254937e-12 5.468892863e-01 9.999899223e-01 0.000000000e+00
CREM_HOLD 6.087342388e-12 5.466383533e-01 9.999899090e-01 0.000000000e+00
CREM_HOLD 9.461870384e-12 5.466265450e-01 9.999899047e-01 0.000000000e+00
CREM_HOLD 1.283366273e-11 5.464611896e-01 9.999898979e-01 0.000000000e+00
CREM_HOLD 1.619937584e-11 5.462341641e-01 9.999898850e-01 0.000000000e+00
CREM_HOLD 1.956113741e-11 5.462325230e-01 9.999898817e-01 0.000000000e+00
CREM_HOLD 2.291985938e-11 5.460282919e-01 9.999898732e-01 0.000000000e+00
CREM_HOLD 2.627250210e-11 5.458419891e-01 9.999898614e-01 0.000000000e+00
CREM_HOLD 2.962180122e-11 5.458369577e-01 9.999898587e-01 0.000000000e+00
CREM_HOLD 3.296745281e-11 5.455945157e-01 9.999898483e-01 0.000000000e+00
CREM_HOLD 3.630702514e-11 5.454651413e-01 9.999898383e-01 0.000000000e+00
CREM_HOLD 3.964386181e-11 5.454324571e-01 9.999898356e-01 0.000000000e+00
CREM_HOLD 4.297644302e-11 5.451666707e-01 9.999898234e-01 0.000000000e+00
CREM_HOLD 4.630294497e-11 5.451019940e-01 9.999898160e-01 0.000000000e+00
CREM_HOLD 4.962731919e-11 5.450122632e-01 9.999898119e-01 0.000000000e+00
CREM_HOLD 5.294652606e-11 5.447558857e-01 9.999897988e-01 0.000000000e+00
CREM_HOLD 5.626056556e-11 5.447434318e-01 9.999897943e-01 0.000000000e+00
CREM_HOLD 5.957247733e-11 5.445755845e-01 9.999897874e-01 0.000000000e+00
CREM_HOLD 6.287830987e-11 5.443733037e-01 9.999897752e-01 0.000000000e+00
CREM_HOLD 6.618079879e-11 5.443725742e-01 9.999897725e-01 0.000000000e+00
CREM_HOLD 6.947994415e-11 5.441334038e-01 9.999897622e-01 0.000000000e+00
CREM_HOLD 7.277301026e-11 5.440213505e-01 9.999897529e-01 0.000000000e+00
CREM_HOLD 7.606394862e-11 5.439714293e-01 9.999897497e-01 0.000000000e+00
CREM_HOLD 7.934971965e-11 5.437094338e-01 9.999897371e-01 0.000000000e+00
CREM_HOLD 8.263093122e-11 5.436843006e-01 9.999897317e-01 0.000000000e+00
CREM_HOLD 8.590971110e-11 5.435353562e-01 9.999897255e-01 0.000000000e+00
CREM_HOLD 8.918241175e-11 5.433285393e-01 9.999897133e-01 0.000000000e+00
CREM_HOLD 9.245176879e-11 5.433284877e-01 9.999897105e-01 0.000000000e+00
CREM_HOLD 9.571778227e-11 5.430870990e-01 9.999897001e-01 0.000000000e+00
CREM_HOLD 9.897832442e-11 5.429934595e-01 9.999896914e-01 0.000000000e+00
CREM_HOLD 1.022364349e-10 5.429226430e-01 9.999896878e-01 0.000000000e+00
CREM_HOLD 1.054896819e-10 5.426719469e-01 9.999896750e-01 0.000000000e+00
CREM_HOLD 1.087383695e-10 5.426674855e-01 9.999896708e-01 0.000000000e+00
CREM_HOLD 1.119846255e-10 5.424723182e-01 9.999896628e-01 0.000000000e+00
CREM_HOLD 1.152251061e-10 5.423219228e-01 9.999896521e-01 0.000000000e+00
CREM_HOLD 1.184628511e-10 5.422928615e-01 9.999896493e-01 0.000000000e+00
CREM_HOLD 1.216963406e-10 5.420339855e-01 9.999896371e-01 0.0000
