BEGIN 22 1
CREM_HOLD 0.000000000e+00 3.746690143e-01 1.000000000e+00 7.967841528e-01
CREM_HOLD 3.039659688e-16 3.746689618e-01 9.999465964e-01 7.966967237e-01
CREM_HOLD 9.664574126e-14 3.746525731e-01 9.999465712e-01 8.359920670e-01
CREM_HOLD 1.929875093e-13 3.746609794e-01 9.999540431e-01 9.280605686e-01
CREM_HOLD 2.893314370e-13 3.746727495e-01 9.999715468e-01 9.495947670e-01
CREM_HOLD 3.856804241e-13 3.746539036e-01 9.999756413e-01 8.771194238e-01
CREM_HOLD 4.820305948e-13 3.746808891e-01 9.999618696e-01 7.978053888e-01
CREM_HOLD 5.786807160e-13 3.746986595e-01 9.999467997e-01 8.328354660e-01
CREM_HOLD 6.750225500e-13 3.746881787e-01 9.999534603e-01 9.255222848e-01
CREM_HOLD 7.713663093e-13 3.746677800e-01 9.999710778e-01 9.506170480e-01
CREM_HOLD 8.677151609e-13 3.746995881e-01 9.999758531e-01 8.806482777e-01
CREM_HOLD 9.640653928e-13 3.747176066e-01 9.999625544e-01 7.990629690e-01
CREM_HOLD 1.060715712e-12 3.747012864e-01 9.999470580e-01 8.296043173e-01
CREM_HOLD 1.157361539e-12 3.746849630e-01 9.999528614e-01 9.230748795e-01
CREM_HOLD 1.254009048e-12 3.747115366e-01 9.999706272e-01 9.514252130e-01
CREM_HOLD 1.350357769e-12 3.747003252e-01 9.999760134e-01 8.837034757e-01
CREM_HOLD 1.447011992e-12 3.747069058e-01 9.999631492e-01 8.001223988e-01
CREM_HOLD 1.543662484e-12 3.747200947e-01 9.999472718e-01 8.272226782e-01
CREM_HOLD 1.640308372e-12 3.747314749e-01 9.999524240e-01 9.209281437e-01
CREM_HOLD 1.736651832e-12 3.747074521e-01 9.999702295e-01 9.521325746e-01
CREM_HOLD 1.833304377e-12 3.747198388e-01 9.999761650e-01 8.864724544e-01
CREM_HOLD 1.929958644e-12 3.747561733e-01 9.999636899e-01 8.013523658e-01
CREM_HOLD 2.026609292e-12 3.747531249e-01 9.999475261e-01 8.247379628e-01
CREM_HOLD 2.123255255e-12 3.747210143e-01 9.999519697e-01 9.186144089e-01
CREM_HOLD 2.219902505e-12 3.747382932e-01 9.999698067e-01 9.526576921e-01
CREM_HOLD 2.316250989e-12 3.747510155e-01 9.999762743e-01 8.894072022e-01
CREM_HOLD 2.412905287e-12 3.747457163e-01 9.999642605e-01 8.027475067e-01
CREM_HOLD 2.509556102e-12 3.747447486e-01 9.999478039e-01 8.222711388e-01
CREM_HOLD 2.606202144e-12 3.747608674e-01 9.999515143e-01 9.161864877e-01
CREM_HOLD 2.702849263e-12 3.747558072e-01 9.999693552e-01 9.531765805e-01
CREM_HOLD 2.799501555e-12 3.747430916e-01 9.999763853e-01 8.920660862e-01
CREM_HOLD 2.896155885e-12 3.747816408e-01 9.999647810e-01 8.041347342e-01
CREM_HOLD 2.992806850e-12 3.747955802e-01 9.999480858e-01 8.200099905e-01
CREM_HOLD 3.089452975e-12 3.747695939e-01 9.999511039e-01 9.137997653e-01
CREM_HOLD 3.186099974e-12 3.747616184e-01 9.999689178e-01 9.535518656e-01
CREM_HOLD 3.282752139e-12 3.747922349e-01 9.999764715e-01 8.948404371e-01
CREM_HOLD 3.379406494e-12 3.747948233e-01 9.999653202e-01 8.057182862e-01
CREM_HOLD 3.476057616e-12 3.747827719e-01 9.999484025e-01 8.177239603e-01
CREM_HOLD 3.572703832e-12 3.747822158e-01 9.999506830e-01 9.113263837e-01
CREM_HOLD 3.669350710e-12 3.748011587e-01 9.999684602e-01 9.538798695e-01
CREM_HOLD 3.766002742e-12 3.747802241e-01 9.999765413e-01 8.976958486e-01
CREM_HOLD 3.862657117e-12 3.748016354e-01 9.999658777e-01 8.074317291e-01
CREM_HOLD 3.959308401e-12 3.748235326e-01 9.999487424e-01 8.154632597e-01
CREM_HOLD 4.055954715e-12 3.748197347e-01 9.999502717e-01 9.086396736e-01
CREM_HOLD 4.152601474e-12 3.747936904e-01 9.999679632e-01 9.540801005e-01
CREM_HOLD 4.249253362e-12 3.748184827e-01 9.999765974e-01 9.005832398e-01
CREM_HOLD 4.345907753e-12 3.748428051e-01 9.999664389e-01 8.093659004e-01
CREM_HOLD 4.442559199e-12 3.748330608e-01 9.999491287e-01 8.131638704e-01
CREM_HOLD 4.539205626e-12 3.748093234e-01 9.999498509e-01 9.058253163e-01
CREM_HOLD 4.635852262e-12 3.748341886e-01 9.999674439e-01 9.542127656e-01
CREM_HOLD 4.732504000e-12 3.748298416e-01 9.999766295e-01 9.035929472e-01
CREM_HOLD 4.829158401e-12 3.748290148e-01 9.999670236e-01 8.114627641e-01
CREM_HOLD 4.925810017e-12 3.748443280e-01 9.999495391e-01 8.109406682e-01
CREM_HOLD 5.022456562e-12 3.748581464e-01 9.999494439e-01 9.028479516e-01
CREM_HOLD 5.119103081e-12 3.748386899e-01 9.999668899e-01 9.542040353e-01
CREM_HOLD 5.215754657e-12 3.748381105e-01 9.999766435e-01 9.065826380e-01
CREM_HOLD 5.312409062e-12 3.748781412e-01 9.999676062e-01 8.137603313e-01
CREM_HOLD 5.409060847e-12 3.748836576e-01 9.999499947e-01 8.087179674e-01
CREM_HOLD 5.505707525e-12 3.748517773e-01 9.999490411e-01 8.996719396e-01
CREM_HOLD 5.602353926e-12 3.748573330e-01 9.999663033e-01 9.540800121e-01
CREM_HOLD 5.699005333e-12 3.748784847e-01 9.999766315e-01 9.096756001e-01
CREM_HOLD 5.795659735e-12 3.748712478e-01 9.999682042e-01 8.162830619e-01
CREM_HOLD 5.892311693e-12 3.748719509e-01 9.999504868e-01 8.065788055e-01
CREM_HOLD 5.988958513e-12 3.748820134e-01 9.999486478e-01 8.963901979e-01
CREM_HOLD 6.085604800e-12 3.748878772e-01 9.999656921e-01 9.538193581e-01
CREM_HOLD 6.182256030e-12 3.748665732e-01 9.999765920e-01 9.127574118e-01
CREM_HOLD 6.278910420e-12 3.748997012e-01 9.999688053e-01 8.189701972e-01
CREM_HOLD 6.375562552e-12 3.749219546e-01 9.999510135e-01 8.045214292e-01
CREM_HOLD 6.472209526e-12 3.749046225e-01 9.999482776e-01 8.928698473e-01
CREM_HOLD 6.568855706e-12 3.748837277e-01 9.999650393e-01 9.533846360e-01
CREM_HOLD 6.665506746e-12 3.749129831e-01 9.999765264e-01 9.158632000e-01
CREM_HOLD 6.762161117e-12 3.749225605e-01 9.999694054e-01 8.219272200e-01
CREM_HOLD 6.858813423e-12 3.749146081e-01 9.999515909e-01 8.025454024e-01
CREM_HOLD 6.955764486e-12 3.749034480e-01 9.999479162e-01 8.895555010e-01
CREM_HOLD 7.052410561e-12 3.749273904e-01 9.999644241e-01 9.528706787e-01
CREM_HOLD 7.149061423e-12 3.749111656e-01 9.999764354e-01 9.187463457e-01
CREM_HOLD 7.245715768e-12 3.749193892e-01 9.999699671e-01 8.247850268e-01
CREM_HOLD 7.342672175e-12 3.749463090e-01 9.999521467e-01 8.010078384e-01
CREM_HOLD 7.439623400e-12 3.749514943e-01 9.999476425e-01 8.863498954e-01
CREM_HOLD 7.536269395e-12 3.749238631e-01 9.999638296e-01 9.522292269e-01
CREM_HOLD 7.632920085e-12 3.749345580e-01 9.999763313e-01 9.213409463e-01
CREM_HOLD 7.729574399e-12 3.749674716e-01 9.999704726e-01 8.276088685e-01
CREM_HOLD 7.826530954e-12 3.749662356e-01 9.999527005e-01 7.995241321e-01
CREM_HOLD 7.923482340e-12 3.749377348e-01 9.999473782e-01 8.830055981e-01
CREM_HOLD 8.020432177e-12 3.749531910e-01 9.999632104e-01 9.515564355e-01
CREM_HOLD 8.117082687e-12 3.749621600e-01 9.999762125e-01 9.237702843e-01
CREM_HOLD 8.213736967e-12 3.749517773e-01 9.999709444e-01 8.303346929e-01
CREM_HOLD 8.310693659e-12 3.749676383e-01 9.999532302e-01 7.982877544e-01
CREM_HOLD 8.407645198e-12 3.749816315e-01 9.999471577e-01 8.798588450e-01
CREM_HOLD 8.504594971e-12 3.749732676e-01 9.999626264e-01 9.507234644e-01
CREM_HOLD 8.601549244e-12 3.749576435e-01 9.999760675e-01 9.259239210e-01
CREM_HOLD 8.698507426e-12 3.749963088e-01 9.999713692e-01 8.326427155e-01
CREM_HOLD 8.795464241e-12 3.750129165e-01 9.999536853e-01 7.973414824e-01
CREM_HOLD 8.892415913e-12 3.749873830e-01 9.999469987e-01 8.771431760e-01
CREM_HOLD 8.989365640e-12 3.749760921e-01 9.999621273e-01 9.499489152e-01
CREM_HOLD 9.086319767e-12 3.750039796e-01 9.999759352e-01 9.279127115e-01
CREM_HOLD 9.183277911e-12 3.749996014e-01 9.999717553e-01 8.351550953e-01
CREM_HOLD 9.280234839e-12 3.749996563e-01 9.999541759e-01 7.964541978e-01
CREM_HOLD 9.377186653e-12 3.750014920e-01 9.999468426e-01 8.743735642e-01
CREM_HOLD 9.474136335e-12 3.750179731e-01 9.999616152e-01 9.490689054e-01
CREM_HOLD 9.571090313e-12 3.749948931e-01 9.999757761e-01 9.299083382e-01
CREM_HOLD 9.668048410e-12 3.750145126e-01 9.999721499e-01 8.377531819e-01
CREM_HOLD 9.765005453e-12 3.750452718e-01 9.999546835e-01 7.956616740e-01
CREM_HOLD 9.861957415e-12 3.750395643e-01 9.999467127e-01 8.714061299e-01
CREM_HOLD 9.958907059e-12 3.750098317e-01 9.999610681e-01 9.480354188e-01
CREM_HOLD 1.005586088e-11 3.750305824e-01 9.999755980e-01 9.318989438e-01
CREM_HOLD 1.015281892e-11 3.750505224e-01 9.999725381e-01 8.405697372e-01
CREM_HOLD 1.024977608e-11 3.750458865e-01 9.999552336e-01 7.949421130e-01
CREM_HOLD 1.034672820e-11 3.750273541e-01 9.999465906e-01 8.683635115e-01
CREM_HOLD 1.044367781e-11 3.750485161e-01 9.999605053e-01 9.469081618e-01
CREM_HOLD 1.054063146e-11 3.750444479e-01 9.999753917e-01 9.339293564e-01
CREM_HOLD 1.063758945e-11 3.750378144e-01 9.999729354e-01 8.434977602e-01
CREM_HOLD 1.073454672e-11 3.750663861e-01 9.999558018e-01 7.943521969e-01
CREM_HOLD 1.083149901e-11 3.750784666e-01 9.999464954e-01 8.651882679e-01
CREM_HOLD 1.092844859e-11 3.750571903e-01 9.999599182e-01 9.455920788e-01
CREM_HOLD 1.102540207e-11 3.750511708e-01 9.999751578e-01 9.358948138e-01
CREM_HOLD 1.112235999e-11 3.750885803e-01 9.999733231e-01 8.465898931e-01
CREM_HOLD 1.121931738e-11 3.750969495e-01 9.999564044e-01 7.938808533e-01
CREM_HOLD 1.131626984e-11 3.750704934e-01 9.999464246e-01 8.618726068e-01
CREM_HOLD 1.141321940e-11 3.750698846e-01 9.999593050e-01 9.441587312e-01
CREM_HOLD 1.151017270e-11 3.750916536e-01 9.999748980e-01 9.378894277e-01
CREM_HOLD 1.160713055e-11 3.750781247e-01 9.999737094e-01 8.498623953e-01
CREM_HOLD 1.170408804e-11 3.750898897e-01 9.999570379e-01 7.935537003e-01
CREM_HOLD 1.180104069e-11 3.751009869e-01 9.999463754e-01 8.585070382e-01
CREM_HOLD 1.189799024e-11 3.751062596e-01 9.999586813e-01 9.425416277e-01
CREM_HOLD 1.199494336e-11 3.750819516e-01 9.999746018e-01 9.398085412e-01
CREM_HOLD 1.209190112e-11 3.751097084e-01 9.999740903e-01 8.532265386e-01
CREM_HOLD 1.218885872e-11 3.751383305e-01 9.999576906e-01 7.934011436e-01
CREM_HOLD 1.228581156e-11 3.751247243e-01 9.999463675e-01 8.549675199e-01
CREM_HOLD 1.238276110e-11 3.750979571e-01 9.999580269e-01 9.407470883e-01
CREM_HOLD 1.247971404e-11 3.751237006e-01 9.999742786e-01 9.416938482e-01
CREM_HOLD 1.257667170e-11 3.751302980e-01 9.999744560e-01 8.568107482e-01
CREM_HOLD 1.267362941e-11 3.751276143e-01 9.999583841e-01 7.934175234e-01
CREM_HOLD 1.277088638e-11 3.751214793e-01 9.999463829e-01 8.517155108e-01
CREM_HOLD 1.286783593e-11 3.751420773e-01 9.999574243e-01 9.389728630e-01
CREM_HOLD 1.296478869e-11 3.751284348e-01 9.999739500e-01 9.433752972e-01
CREM_HOLD 1.306174625e-11 3.751277179e-01 9.999747887e-01 8.601535486e-01
CREM_HOLD 1.315870406e-11 3.751642175e-01 9.999590314e-01 7.936145881e-01
CREM_HOLD 1.325596122e-11 3.751715095e-01 9.999464393e-01 8.483321696e-01
CREM_HOLD 1.335291078e-11 3.751422664e-01 9.999568003e-01 9.369806734e-01
CREM_HOLD 1.344986336e-11 3.751447313e-01 9.999735896e-01 9.449688128e-01
CREM_HOLD 1.354682082e-11 3.751759779e-01 9.999751038e-01 8.636722036e-01
CREM_HOLD 1.364377872e-11 3.751778726e-01 9.999597126e-01 7.939982601e-01
CREM_HOLD 1.374103608e-11 3.751572459e-01 9.999465280e-01 8.448810349e-01
CREM_HOLD 1.383828958e-11 3.751641929e-01 9.999561607e-01 9.350555652e-01
CREM_HOLD 1.393524198e-11 3.751782923e-01 9.999732353e-01 9.464072754e-01
CREM_HOLD 1.403219934e-11 3.751606188e-01 9.999753850e-01 8.669970328e-01
CREM_HOLD 1.412946126e-11 3.751838842e-01 9.999603561e-01 7.944538250e-01
CREM_HOLD 1.422671880e-11 3.751999627e-01 9.999466287e-01 8.419914095e-01
CREM_HOLD 1.432397234e-11 3.751936906e-01 9.999556295e-01 9.331180525e-01
CREM_HOLD 1.442092458e-11 3.751715037e-01 9.999728810e-01 9.476195492e-01
CREM_HOLD 1.451818577e-11 3.752034769e-01 9.999756319e-01 8.697756188e-01
CREM_HOLD 1.461544777e-11 3.752261774e-01 9.999608968e-01 7.950139940e-01
CREM_HOLD 1.471270547e-11 3.752091093e-01 9.999467549e-01 8.392668409e-01
CREM_HOLD 1.480995905e-11 3.751882616e-01 9.999551294e-01 9.312567080e-01
CREM_HOLD 1.490721506e-11 3.752155367e-01 9.999725438e-01 9.485914896e-01
CREM_HOLD 1.500417222e-11 3.752104871e-01 9.999758230e-01 8.727354915e-01
CREM_HOLD 1.510143428e-11 3.752131091e-01 9.999614709e-01 7.957004821e-01
CREM_HOLD 1.519869214e-11 3.752189055e-01 9.999468968e-01 8.365414286e-01
CREM_HOLD 1.529594576e-11 3.752348924e-01 9.999546276e-01 9.292480790e-01
CREM_HOLD 1.539320163e-11 3.752140117e-01 9.999721725e-01 9.496205443e-01
CREM_HOLD 1.549046262e-11 3.752208957e-01 9.999760337e-01 8.754165150e-01
CREM_HOLD 1.558772473e-11 3.752597602e-01 9.999619930e-01 7.964573845e-01
CREM_HOLD 1.568498275e-11 3.752611410e-01 9.999470604e-01 8.339790572e-01
CREM_HOLD 1.578223642e-11 3.752280098e-01 9.999541604e-01 9.272748815e-01
CREM_HOLD 1.587949215e-11 3.752388556e-01 9.999718162e-01 9.504942076e-01
CREM_HOLD 1.597675304e-11 3.752612837e-01 9.999762102e-01 8.782735488e-01
CREM_HOLD 1.607401520e-11 3.752582594e-01 9.999625472e-01 7.973636280e-01
CREM_HOLD 1.617127339e-11 3.752469611e-01 9.999472456e-01 8.313906468e-01
CREM_HOLD 1.626852710e-11 3.752596468e-01 9.999536836e-01 9.252066378e-01
CREM_HOLD 1.636578270e-11 3.752644760e-01 9.999714343e-01 9.513420003e-01
CREM_HOLD 1.646304347e-11 3.752471326e-01 9.999763809e-01 8.811976175e-01
CREM_HOLD 1.656030569e-11 3.752798209e-01 9.999631151e-01 7.984067802e-01
CREM_HOLD 1.665756404e-11 3.752968890e-01 9.999474595e-01 8.287516836e-01
CREM_HOLD 1.675481782e-11 3.752798843e-01 9.999532021e-01 9.229230408e-01
CREM_HOLD 1.685207327e-11 3.752624190e-01 9.999710167e-01 9.520910641e-01
CREM_HOLD 1.694933392e-11 3.752957007e-01 9.999765392e-01 8.842180858e-01
CREM_HOLD 1.704659619e-11 3.753097811e-01 9.999636999e-01 7.996481240e-01
CREM_HOLD 1.714385470e-11 3.752933425e-01 9.999477124e-01 8.260402460e-01
CREM_HOLD 1.724110856e-11 3.752801941e-01 9.999527036e-01 9.205297956e-01
CREM_HOLD 1.733836387e-11 3.753059643e-01 9.999705775e-01 9.528056669e-01
CREM_HOLD 1.743562439e-11 3.752921708e-01 9.999766808e-01 8.873717496e-01
CREM_HOLD 1.753288670e-11 3.753016029e-01 9.999643104e-01 8.010392090e-01
CREM_HOLD 1.763014539e-11 3.753170057e-01 9.999479880e-01 8.233590906e-01
CREM_HOLD 1.772739932e-11 3.753260507e-01 9.999522120e-01 9.179461733e-01
CREM_HOLD 1.782465449e-11 3.753006722e-01 9.999700994e-01 9.534021316e-01
CREM_HOLD 1.792191487e-11 3.753141070e-01 9.999768108e-01 8.905418594e-01
CREM_HOLD 1.801917722e-11 3.753506032e-01 9.999649241e-01 8.026411227e-01
CREM_HOLD 1.811643609e-11 3.753475851e-01 9.999483111e-01 8.206061748e-01
CREM_HOLD 1.821369012e-11 3.753148054e-01 9.999517089e-01 9.151831942e-01
CREM_HOLD 1.831094514e-11 3.753312879e-01 9.999695933e-01 9.539163382e-01
CREM_HOLD 1.840820538e-11 3.753449113e-01 9.999769172e-01 8.938615368e-01
CREM_HOLD 1.850546775e-11 3.753394481e-01 9.999655642e-01 8.044449460e-01
CREM_HOLD 1.860272681e-11 3.753392178e-01 9.999486645e-01 8.179041929e-01
CREM_HOLD 1.869998094e-11 3.753538750e-01 9.999512109e-01 9.122882575e-01
CREM_HOLD 1.879723582e-11 3.753509047e-01 9.999690558e-01 9.543204131e-01
CREM_HOLD 1.889449590e-11 3.753355074e-01 9.999770053e-01 8.971896217e-01
CREM_HOLD 1.899175830e-11 3.753736209e-01 9.999662088e-01 8.064373650e-01
CREM_HOLD 1.908901755e-11 3.753899790e-01 9.999490589e-01 8.152054695e-01
CREM_HOLD 1.918627179e-11 3.753662051e-01 9.999507199e-01 9.091517410e-01
CREM_HOLD 1.928352652e-11 3.753528077e-01 9.999684782e-01 9.545787253e-01
CREM_HOLD 1.938078643e-11 3.753844416e-01 9.999770696e-01 9.005971957e-01
CREM_HOLD 1.947804885e-11 3.753908829e-01 9.999668645e-01 8.086910415e-01
CREM_HOLD 1.957561223e-11 3.753793055e-01 9.999495009e-01 8.127537838e-01
CREM_HOLD 1.967317052e-11 3.753724489e-01 9.999502696e-01 9.064617080e-01
CREM_HOLD 1.977042512e-11 3.753950566e-01 9.999679823e-01 9.547206578e-01
CREM_HOLD 1.986768489e-11 3.753760885e-01 9.999771029e-01 9.034953995e-01
CREM_HOLD 1.996494732e-11 3.753911365e-01 9.999674269e-01 8.107056789e-01
CREM_HOLD 2.006251086e-11 3.754137706e-01 9.999498952e-01 8.105855999e-01
CREM_HOLD 2.016006927e-11 3.754160820e-01 9.999498772e-01 9.035642679e-01
CREM_HOLD 2.025732375e-11 3.753882907e-01 9.999674471e-01 9.547200000e-01
CREM_HOLD 2.035488730e-11 3.754056744e-01 9.999771205e-01 9.061180664e-01
CREM_HOLD 2.045214973e-11 3.754376290e-01 9.999679357e-01 8.127247041e-01
CREM_HOLD 2.054971342e-11 3.754327347e-01 9.999502958e-01 8.086000181e-01
CREM_HOLD 2.064727195e-11 3.754028871e-01 9.999495185e-01 9.008102377e-01
CREM_HOLD 2.074483025e-11 3.754225557e-01 9.999669421e-01 9.546633054e-01
CREM_HOLD 2.084208972e-11 3.754288207e-01 9.999771176e-01 9.088653713e-01
CREM_HOLD 2.093935215e-11 3.754225110e-01 9.999684667e-01 8.149072187e-01
CREM_HOLD 2.103691599e-11 3.754330966e-01 9.999507202e-01 8.066854512e-01
CREM_HOLD 2.113447464e-11 3.754476610e-01 9.999491704e-01 8.979275545e-01
CREM_HOLD 2.123203284e-11 3.754377439e-01 9.999664085e-01 9.544759931e-01
CREM_HOLD 2.132959609e-11 3.754252562e-01 9.999770954e-01 9.113252341e-01
CREM_HOLD 2.142716246e-11 3.754659365e-01 9.999689471e-01 8.167779817e-01
CREM_HOLD 2.152472644e-11 3.754802785e-01 9.999510919e-01 8.051441116e-01
CREM_HOLD 2.162228520e-11 3.754523486e-01 9.999488991e-01 8.954287331e-01
CREM_HOLD 2.171984332e-11 3.754435094e-01 9.999659522e-01 9.542383250e-01
CREM_HOLD 2.181740643e-11 3.754726106e-01 9.999770647e-01 9.136129988e-01
CREM_HOLD 2.191497279e-11 3.754718625e-01 9.999693894e-01 8.188463200e-01
CREM_HOLD 2.201253691e-11 3.754666473e-01 9.999514971e-01 8.036190574e-01
CREM_HOLD 2.211009579e-11 3.754660215e-01 9.999486232e-01 8.928619780e-01
CREM_HOLD 2.220765383e-11 3.754840906e-01 9.999654796e-01 9.539291043e-01
CREM_HOLD 2.230521680e-11 3.754618220e-01 9.999770135e-01 9.159455368e-01
CREM_HOLD 2.240278315e-11 3.754825731e-01 9.999698455e-01 8.210156738e-01
CREM_HOLD 2.250034739e-11 3.755094220e-01 9.999519214e-01 8.021454656e-01
CREM_HOLD 2.259790640e-11 3.755052346e-01 9.999483641e-01 8.900877357e-01
CREM_HOLD 2.269546436e-11 3.754762848e-01 9.999649697e-01 9.534863454e-01
CREM_HOLD 2.279302718e-11 3.754973512e-01 9.999769477e-01 9.182931997e-01
CREM_HOLD 2.289059351e-11 3.755230163e-01 9.999703007e-01 8.234009837e-01
CREM_HOLD 2.298815789e-11 3.755172592e-01 9.999523896e-01 8.006814515e-01
CREM_HOLD 2.308571703e-11 3.754923569e-01 9.999481028e-01 8.872084738e-01
CREM_HOLD 2.318327492e-11 3.755139570e-01 9.999644404e-01 9.529703048e-01
CREM_HOLD 2.328083758e-11 3.755137072e-01 9.999768573e-01 9.207307981e-01
CREM_HOLD 2.337840389e-11 3.755081077e-01 9.999707732e-01 8.259250959e-01
CREM_HOLD 2.347596841e-11 3.755279931e-01 9.999528785e-01 7.993126666e-01
CREM_HOLD 2.357352769e-11 3.755413149e-01 9.999478594e-01 8.841901245e-01
CREM_HOLD 2.367108550e-11 3.755250583e-01 9.999638831e-01 9.522999446e-01
CREM_HOLD 2.376864801e-11 3.755159466e-01 9.999767453e-01 9.231296117e-01
CREM_HOLD 2.386621428e-11 3.755566618e-01 9.999712415e-01 8.286152796e-01
CREM_HOLD 2.396377893e-11 3.755685238e-01 9.999534043e-01 7.979980690e-01
CREM_HOLD 2.406133837e-11 3.755394631e-01 9.999476308e-01 8.809867606e-01
CREM_HOLD 2.415889612e-11 3.755341812e-01 9.999632939e-01 9.515143717e-01
CREM_HOLD 2.425645845e-11 3.755604213e-01 9.999766099e-01 9.255943174e-01
CREM_HOLD 2.435402468e-11 3.755538741e-01 9.999717159e-01 8.315198263e-01
CREM_HOLD 2.445158948e-11 3.755557727e-01 9.999539660e-01 7.967833673e-01
CREM_HOLD 2.454914908e-11 3.755599066e-01 9.999474134e-01 8.777146789e-01
CREM_HOLD 2.464670676e-11 3.755733840e-01 9.999626888e-01 9.505882614e-01
CREM_HOLD 2.474426892e-11 3.755494988e-01 9.999764433e-01 9.280370266e-01
CREM_HOLD 2.484183510e-11 3.755730207e-01 9.999721932e-01 8.345364043e-01
CREM_HOLD 2.493940003e-11 3.756026760e-01 9.999545505e-01 7.956951806e-01
CREM_HOLD 2.503695981e-11 3.755945782e-01 9.999472283e-01 8.742331620e-01
CREM_HOLD 2.513451743e-11 3.755649189e-01 9.999620469e-01 9.494831213e-01
CREM_HOLD 2.523207940e-11 3.755872421e-01 9.999762522e-01 9.304596155e-01
CREM_HOLD 2.532964553e-11 3.756070192e-01 9.999726608e-01 8.377935718e-01
CREM_HOLD 2.542721060e-11 3.756022793e-01 9.999551812e-01 7.947185679e-01
CREM_HOLD 2.552507448e-11 3.755829661e-01 9.999470579e-01 8.709891561e-01
CREM_HOLD 2.562263206e-11 3.756042435e-01 9.999614484e-01 9.483676005e-01
CREM_HOLD 2.572019385e-11 3.756003401e-01 9.999760486e-01 9.326932064e-01
CREM_HOLD 2.581775992e-11 3.755940011e-01 9.999730946e-01 8.408833149e-01
CREM_HOLD 2.591562906e-11 3.756216167e-01 9.999557770e-01 7.940384105e-01
CREM_HOLD 2.601349312e-11 3.756337894e-01 9.999469457e-01 8.679235520e-01
CREM_HOLD 2.611105066e-11 3.756132877e-01 9.999608842e-01 9.471807015e-01
CREM_HOLD 2.620861229e-11 3.756055689e-01 9.999758398e-01 9.346573555e-01
CREM_HOLD 2.630617829e-11 3.756443544e-01 9.999734803e-01 8.438406201e-01
CREM_HOLD 2.640374361e-11 3.756548082e-01 9.999563516e-01 7.934115527e-01
CREM_HOLD 2.650160783e-11 3.756276715e-01 9.999468462e-01 8.643923803e-01
CREM_HOLD 2.659946927e-11 3.756236177e-01 9.999602330e-01 9.458825607e-01
CREM_HOLD 2.669703070e-11 3.756478134e-01 9.999756070e-01 9.366608650e-01
CREM_HOLD 2.679459664e-11 3.756366417e-01 9.999738663e-01 8.469852030e-01
CREM_HOLD 2.689246601e-11 3.756449331e-01 9.999569579e-01 7.930074323e-01
CREM_HOLD 2.699033041e-11 3.756530367e-01 9.999467820e-01 8.614432275e-01
CREM_HOLD 2.708819183e-11 3.756624743e-01 9.999596900e-01 9.445632566e-01
CREM_HOLD 2.718575310e-11 3.756376451e-01 9.999753673e-01 9.384277052e-01
CREM_HOLD 2.728362291e-11 3.756619286e-01 9.999742163e-01 8.495992957e-01
CREM_HOLD 2.738149238e-11 3.756933155e-01 9.999574661e-01 7.927527931e-01
CREM_HOLD 2.747935694e-11 3.756833481e-01 9.999467547e-01 8.586236840e-01
CREM_HOLD 2.757721834e-11 3.756531662e-01 9.999591741e-01 9.432398345e-01
CREM_HOLD 2.767508340e-11 3.756762347e-01 9.999751347e-01 9.398374188e-01
CREM_HOLD 2.777295314e-11 3.756907356e-01 9.999744915e-01 8.521143802e-01
CREM_HOLD 2.787082269e-11 3.756870293e-01 9.999579552e-01 7.925991565e-01
CREM_HOLD 2.796868739e-11 3.756738545e-01 9.999467385e-01 8.560716487e-01
CREM_HOLD 2.806654879e-11 3.756942153e-01 9.999587060e-01 9.419795343e-01
CREM_HOLD 2.816441371e-11 3.756872620e-01 9.999749042e-01 9.412754702e-01
CREM_HOLD 2.826228338e-11 3.756808651e-01 9.999747753e-01 8.547057880e-01
CREM_HOLD 2.836015302e-11 3.757141709e-01 9.999584573e-01 7.925505298e-01
CREM_HOLD 2.845801786e-11 3.757254178e-01 9.999467468e-01 8.533887906e-01
CREM_HOLD 2.855587927e-11 3.757011883e-01 9.999582160e-01 9.405440385e-01
CREM_HOLD 2.865374404e-11 3.756949984e-01 9.999746492e-01 9.426643074e-01
CREM_HOLD 2.875161364e-11 3.757316292e-01 9.999750518e-01 8.574494680e-01
CREM_HOLD 2.884948335e-11 3.757399410e-01 9.999589900e-01 7.926117280e-01
CREM_HOLD 2.894734835e-11 3.757157139e-01 9.999467759e-01 8.505889712e-01
CREM_HOLD 2.904520977e-11 3.757131735e-01 9.999577024e-01 9.390196393e-01
CREM_HOLD 2.914307439e-11 3.757354514e-01 9.999743734e-01 9.440862485e-01
CREM_HOLD 2.924094391e-11 3.757207185e-01 9.999753274e-01 8.603473922e-01
CREM_HOLD 2.933881371e-11 3.757343510e-01 9.999595496e-01 7.927863064e-01
CREM_HOLD 2.943667887e-11 3.757461960e-01 9.999468214e-01 8.477503854e-01
CREM_HOLD 2.953454030e-11 3.757515931e-01 9.999571817e-01 9.373267435e-01
CREM_HOLD 2.963240477e-11 3.757260459e-01 9.999740644e-01 9.454443480e-01
CREM_HOLD 2.973027419e-11 3.757507837e-01 9.999756006e-01 8.633127122e-01
CREM_HOLD 2.982814407e-11 3.757825135e-01 9.999601232e-01 7.931133435e-01
CREM_HOLD 2.992600941e-11 3.757718946e-01 9.999469037e-01 8.447535326e-01
CREM_HOLD 3.002387086e-11 3.757415581e-01 9.999566331e-01 9.354813991e-01
CREM_HOLD 3.012173517e-11 3.757648532e-01 9.999737332e-01 9.467802347e-01
CREM_HOLD 3.021960449e-11 3.757752001e-01 9.999758607e-01 8.664783704e-01
CREM_HOLD 3.031747445e-11 3.757723471e-01 9.999607336e-01 7.935821646e-01
CREM_HOLD 3.041533996e-11 3.757652318e-01 9.999470042e-01 8.417428899e-01
CREM_HOLD 3.051320144e-11 3.757839774e-01 9.999560788e-01 9.335107997e-01
CREM_HOLD 3.061106559e-11 3.757754666e-01 9.999733696e-01 9.480778306e-01
CREM_HOLD 3.070893481e-11 3.757678817e-01 9.999761181e-01 8.696998471e-01
CREM_HOLD 3.080680484e-11 3.758052345e-01 9.999613547e-01 7.942177247e-01
CREM_HOLD 3.090467053e-11 3.758166137e-01 9.999471421e-01 8.386313988e-01
CREM_HOLD 3.100253206e-11 3.757902263e-01 9.999555097e-01 9.313226500e-01
CREM_HOLD 3.110039604e-11 3.757835412e-01 9.999729731e-01 9.492815010e-01
CREM_HOLD 3.119826514e-11 3.758179953e-01 9.999763594e-01 8.730654582e-01
CREM_HOLD 3.129613524e-11 3.758251762e-01 9.999620027e-01 7.950491478e-01
CREM_HOLD 3.139400113e-11 3.758054184e-01 9.999473154e-01 8.354540595e-01
CREM_HOLD 3.149186270e-11 3.758019560e-01 9.999549248e-01 9.290169457e-01
CREM_HOLD 3.158972651e-11 3.758237261e-01 9.999725504e-01 9.504524796e-01
CREM_HOLD 3.168759549e-11 3.758064896e-01 9.999765870e-01 8.765562422e-01
CREM_HOLD 3.178546566e-11 3.758230670e-01 9.999626741e-01 7.960537577e-01
CREM_HOLD 3.188363567e-11 3.758385386e-01 9.999475176e-01 8.325621099e-01
CREM_HOLD 3.198149730e-11 3.758417724e-01 9.999543957e-01 9.267224461e-01
CREM_HOLD 3.207936095e-11 3.758152941e-01 9.999721291e-01 9.514104551e-01
CREM_HOLD 3.217722981e-11 3.758376916e-01 9.999767850e-01 8.797790525e-01
CREM_HOLD 3.227510004e-11 3.758704349e-01 9.999632951e-01 7.971746449e-01
CREM_HOLD 3.237327023e-11 3.758617584e-01 9.999477490e-01 8.295613679e-01
CREM_HOLD 3.247143585e-11 3.758305431e-01 9.999538470e-01 9.244997521e-01
CREM_HOLD 3.256960327e-11 3.758526238e-01 9.999717266e-01 9.521550118e-01
CREM_HOLD 3.266747201e-11 3.758612539e-01 9.999769331e-01 8.825529412e-01
CREM_HOLD 3.276534228e-11 3.758580525e-01 9.999638305e-01 7.982235831e-01
CREM_HOLD 3.286351263e-11 3.758567764e-01 9.999479582e-01 8.271305755e-01
CREM_HOLD 3.296167831e-11 3.758735376e-01 9.999534021e-01 9.223893791e-01
CREM_HOLD 3.305954167e-11 3.758651605e-01 9.999713379e-01 9.529179103e-01
CREM_HOLD 3.315741030e-11 3.758549095e-01 9.999770895e-01 8.856677866e-01
CREM_HOLD 3.325558456e-11 3.758945691e-01 9.999644316e-01 7.994164030e-01
CREM_HOLD 3.335375509e-11 3.759074051e-01 9.999482012e-01 8.246234263e-01
CREM_HOLD 3.345192084e-11 3.758802812e-01 9.999529485e-01 9.200717051e-01
CREM_HOLD 3.355008799e-11 3.758717039e-01 9.999709172e-01 9.534589002e-01
CREM_HOLD 3.364826043e-11 3.759045847e-01 9.999772058e-01 8.879856074e-01
CREM_HOLD 3.374643472e-11 3.759104737e-01 9.999648805e-01 8.005026387e-01
CREM_HOLD 3.384460539e-11 3.758952564e-01 9.999484215e-01 8.225926753e-01
CREM_HOLD 3.394277120e-11 3.758908803e-01 9.999525791e-01 9.181686412e-01
CREM_HOLD 3.404093825e-11 3.759124121e-01 9.999705707e-01 9.539292114e-01
CREM_HOLD 3.413880665e-11 3.758935452e-01 9.999773011e-01 8.907161136e-01
CREM_HOLD 3.423698097e-11 3.759110663e-01 9.999654086e-01 8.018430271e-01
CREM_HOLD 3.433515179e-11 3.759301008e-01 9.999486871e-01 8.203016016e-01
CREM_HOLD 3.443331768e-11 3.759319105e-01 9.999521644e-01 9.158230066e-01
CREM_HOLD 3.453148460e-11 3.759044309e-01 9.999701408e-01 9.543580352e-01
CREM_HOLD 3.462965681e-11 3.759249049e-01 9.999773993e-01 8.931803392e-01
CREM_HOLD 3.472783117e-11 3.759576465e-01 9.999658859e-01 8.032050411e-01
CREM_HOLD 3.482600213e-11 3.759507315e-01 9.999489631e-01 8.181725067e-01
CREM_HOLD 3.492416810e-11 3.759194716e-01 9.999517801e-01 9.136017065e-01
CREM_HOLD 3.502233491e-11 3.759402288e-01 9.999697384e-01 9.547047686e-01
CREM_HOLD 3.512050700e-11 3.759480819e-01 9.999774722e-01 8.958035124e-01
CREM_HOLD 3.521868137e-11 3.759437040e-01 9.999663918e-01 8.047067484e-01
CREM_HOLD 3.531685248e-11 3.759476503e-01 9.999492572e-01 8.160692539e-01
CREM_HOLD 3.541501855e-11 3.759628776e-01 9.999513973e-01 9.112627645e-01
CREM_HOLD 3.551318524e-11 3.759546441e-01 9.999693079e-01 9.549760871e-01
CREM_HOLD 3.561135721e-11 3.759422661e-01 9.999775359e-01 8.984405138e-01
CREM_HOLD 3.570953160e-11 3.759827259e-01 9.999669030e-01 8.063508493e-01
CREM_HOLD 3.580770286e-11 3.759971919e-01 9.999495847e-01 8.139220030e-01
CREM_HOLD 3.590586902e-11 3.759701803e-01 9.999510124e-01 9.087157964e-01
CREM_HOLD 3.600403560e-11 3.759592904e-01 9.999688442e-01 9.551560594e-01
CREM_HOLD 3.610220743e-11 3.759910084e-01 9.999775842e-01 9.011855164e-01
CREM_HOLD 3.620038183e-11 3.759958372e-01 9.999674305e-01 8.082009028e-01
CREM_HOLD 3.629855325e-11 3.759848448e-01 9.999499479e-01 8.117679825e-01
CREM_HOLD 3.639671951e-11 3.759790638e-01 9.999506197e-01 9.060843054e-01
CREM_HOLD 3.649488598e-11 3.760008431e-01 9.999683612e-01 9.552761412e-01
CREM_HOLD 3.659305767e-11 3.759813050e-01 9.999776132e-01 9.040042911e-01
CREM_HOLD 3.669123208e-11 3.759976075e-01 9.999679752e-01 8.101787675e-01
CREM_HOLD 3.678940366e-11 3.760203440e-01 9.999503333e-01 8.096608742e-01
CREM_HOLD 3.688757003e-11 3.760221423e-01 9.999502407e-01 9.032458593e-01
CREM_HOLD 3.698573639e-11 3.759936515e-01 9.999678396e-01 9.552597864e-01
CREM_HOLD 3.708390792e-11 3.760104773e-01 9.999776277e-01 9.068313587e-01
CREM_HOLD 3.718208234e-11 3.760439846e-01 9.999685198e-01 8.123754616e-01
CREM_HOLD 3.728025408e-11 3.760400157e-01 9.999507653e-01 8.075336787e-01
CREM_HOLD 3.737842058e-11 3.760086801e-01 9.999498570e-01 9.002637687e-01
CREM_HOLD 3.747658682e-11 3.760264185e-01 9.999672940e-01 9.551614293e-01
CREM_HOLD 3.757475820e-11 3.760359250e-01 9.999776170e-01 9.097737740e-01
CREM_HOLD 3.767293261e-11 3.760290855e-01 9.999690845e-01 8.147526630e-01
CREM_HOLD 3.777110451e-11 3.760376237e-01 9.999512239e-01 8.054933505e-01
CREM_HOLD 3.786957508e-11 3.760511948e-01 9.999494863e-01 8.974476485e-01
CREM_HOLD 3.796774121e-11 3.760451276e-01 9.999667752e-01 9.549525110e-01
CREM_HOLD 3.806591243e-11 3.760288351e-01 9.999775898e-01 9.124240465e-01
CREM_HOLD 3.816408684e-11 3.760684700e-01 9.999695983e-01 8.170585173e-01
CREM_HOLD 3.826225889e-11 3.760863933e-01 9.999516750e-01 8.036701256e-01
CREM_HOLD 3.836072959e-11 3.760615521e-01 9.999491634e-01 8.944166466e-01
CREM_HOLD 3.845889562e-11 3.760458774e-01 9.999662206e-01 9.546228455e-01
CREM_HOLD 3.855706668e-11 3.760766777e-01 9.999775428e-01 9.151444460e-01
CREM_HOLD 3.865524107e-11 3.760819304e-01 9.999701197e-01 8.195969334e-01
CREM_HOLD 3.875371722e-11 3.760747272e-01 9.999521670e-01 8.020570981e-01
CREM_HOLD 3.885218806e-11 3.760665737e-01 9.999488723e-01 8.916082908e-01
CREM_HOLD 3.895065793e-11 3.760890120e-01 9.999657052e-01 9.542895306e-01
CREM_HOLD 3.904882884e-11 3.760703246e-01 9.999774863e-01 9.173935912e-01
CREM_HOLD 3.914700321e-11 3.760825275e-01 9.999705570e-01 8.217492123e-01
CREM_HOLD 3.924547949e-11 3.761093858e-01 9.999525850e-01 8.006748694e-01
CREM_HOLD 3.934395045e-11 3.761126667e-01 9.999486304e-01 8.889080165e-01
CREM_HOLD 3.944211633e-11 3.760835566e-01 9.999652108e-01 9.537663199e-01
CREM_HOLD 3.954059103e-11 3.760951410e-01 9.999774053e-01 9.196408233e-01
CREM_HOLD 3.963906933e-11 3.761301259e-01 9.999709921e-01 8.238365241e-01
CREM_HOLD 3.973754573e-11 3.761293916e-01 9.999529953e-01 7.994388098e-01
CREM_HOLD 3.983601682e-11 3.760985976e-01 9.999484146e-01 8.863872770e-01
CREM_HOLD 3.993448655e-11 3.761121683e-01 9.999647519e-01 9.533506545e-01
CREM_HOLD 4.003265717e-11 3.761245872e-01 9.999773357e-01 9.217437343e-01
CREM_HOLD 4.013083151e-11 3.761150471e-01 9.999713977e-01 8.263386660e-01
CREM_HOLD 4.022930803e-11 3.761269496e-01 9.999534775e-01 7.981343287e-01
CREM_HOLD 4.032777926e-11 3.761392377e-01 9.999481825e-01 8.834568025e-01
CREM_HOLD 4.042624892e-11 3.761360071e-01 9.999642132e-01 9.526853995e-01
CREM_HOLD 4.052472332e-11 3.761160950e-01 9.999772221e-01 9.238309140e-01
CREM_HOLD 4.062320157e-11 3.761537007e-01 9.999718060e-01 8.284209165e-01
CREM_HOLD 4.072167821e-11 3.761752758e-01 9.999538855e-01 7.971300676e-01
CREM_HOLD 4.082014956e-11 3.761534910e-01 9.999480141e-01 8.809437118e-01
CREM_HOLD 4.091861918e-11 3.761330852e-01 9.999637563e-01 9.520592509e-01
CREM_HOLD 4.101709344e-11 3.761628353e-01 9.999771200e-01 9.257442033e-01
CREM_HOLD 4.111557166e-11 3.761691827e-01 9.999721745e-01 8.307104588e-01
CREM_HOLD 4.121404841e-11 3.761643569e-01 9.999543303e-01 7.961542387e-01
CREM_HOLD 4.131251989e-11 3.761547701e-01 9.999478429e-01 8.783736296e-01
CREM_HOLD 4.141098945e-11 3.761772370e-01 9.999632863e-01 9.513578925e-01
CREM_HOLD 4.150946358e-11 3.761605391e-01 9.999769945e-01 9.277049249e-01
CREM_HOLD 4.160794176e-11 3.761677734e-01 9.999725571e-01 8.330856581e-01
CREM_HOLD 4.170641862e-11 3.761980068e-01 9.999547898e-01 7.952570731e-01
CREM_HOLD 4.180489024e-11 3.762033600e-01 9.999476924e-01 8.756242554e-01
END idx 22 para  stop=none photons=1 nE=nan L=nan e=0.00000 rp/eps=nan n/psi0=0.0000e+00 ET=nan S=1.000000 Gf=0.000000e+00 check=0.000000e+00
BEGIN 22 2
CREM_HOLD 0.000000000e+00 3.747349775e-01 1.000000000e+00 0.000000000e+00
CREM_HOLD 3.039659688e-16 3.747348469e-01 1.000014843e+00 0.000000000e+00
CREM_HOLD 9.696944802e-14 3.747152434e-01 1.000014842e+00 0.000000000e+00
CREM_HOLD 1.936349299e-13 3.747528246e-01 1.000014857e+00 0.000000000e+00
CREM_HOLD 2.899964366e-13 3.747625464e-01 1.000014820e+00 0.000000000e+00
CREM_HOLD 3.863579325e-13 3.747226744e-01 1.000014815e+00 0.000000000e+00
CREM_HOLD 4.830234065e-13 3.747235796e-01 1.000014853e+00 0.000000000e+00
CREM_HOLD 5.796888916e-13 3.747634695e-01 1.000014848e+00 0.000000000e+00
CREM_HOLD 6.760503956e-13 3.747521098e-01 1.000014811e+00 0.000000000e+00
CREM_HOLD 7.724118890e-13 3.747154536e-01 1.000014826e+00 0.000000000e+00
CREM_HOLD 8.690773661e-13 3.747366402e-01 1.000014859e+00 0.000000000e+00
CREM_HOLD 9.654388733e-13 3.747678817e-01 1.000014835e+00 0.000000000e+00
CREM_HOLD 1.061800374e-12 3.747387354e-01 1.000014808e+00 0.000000000e+00
CREM_HOLD 1.158465846e-12 3.747152606e-01 1.000014839e+00 0.000000000e+00
CREM_HOLD 1.255131327e-12 3.747509203e-01 1.000014857e+00 0.000000000e+00
CREM_HOLD 1.351492834e-12 3.747650180e-01 1.000014822e+00 0.000000000e+00
CREM_HOLD 1.447854330e-12 3.747259179e-01 1.000014812e+00 0.000000000e+00
CREM_HOLD 1.544519803e-12 3.747222351e-01 1.000014851e+00 0.000000000e+00
CREM_HOLD 1.641185288e-12 3.747625781e-01 1.000014850e+00 0.000000000e+00
CREM_HOLD 1.737546792e-12 3.747556762e-01 1.000014812e+00 0.000000000e+00
CREM_HOLD 1.833908286e-12 3.747174006e-01 1.000014823e+00 0.000000000e+00
CREM_HOLD 1.930573762e-12 3.747345449e-01 1.000014858e+00 0.000000000e+00
CREM_HOLD 2.026935269e-12 3.747684733e-01 1.000014837e+00 0.000000000e+00
CREM_HOLD 2.123296770e-12 3.747426573e-01 1.000014808e+00 0.000000000e+00
CREM_HOLD 2.219962242e-12 3.747156159e-01 1.000014835e+00 0.000000000e+00
CREM_HOLD 2.316627722e-12 3.747488916e-01 1.000014858e+00 0.000000000e+00
CREM_HOLD 2.412989229e-12 3.747671845e-01 1.000014824e+00 0.000000000e+00
CREM_HOLD 2.509350726e-12 3.747293651e-01 1.000014810e+00 0.000000000e+00
CREM_HOLD 2.606016199e-12 3.747211419e-01 1.000014848e+00 0.000000000e+00
CREM_HOLD 2.702681683e-12 3.747614153e-01 1.000014851e+00 0.000000000e+00
CREM_HOLD 2.799043188e-12 3.747590632e-01 1.000014813e+00 0.000000000e+00
CREM_HOLD 2.895404682e-12 3.747196658e-01 1.000014820e+00 0.000000000e+00
CREM_HOLD 2.992070157e-12 3.747325450e-01 1.000014856e+00 0.000000000e+00
CREM_HOLD 3.088431663e-12 3.747687215e-01 1.000014840e+00 0.000000000e+00
CREM_HOLD 3.184793165e-12 3.747465731e-01 1.000014807e+00 0.000000000e+00
CREM_HOLD 3.281458637e-12 3.747163163e-01 1.000014832e+00 0.000000000e+00
CREM_HOLD 3.378124116e-12 3.747467761e-01 1.000014858e+00 0.000000000e+00
CREM_HOLD 3.474485623e-12 3.747690289e-01 1.000014826e+00 0.000000000e+00
CREM_HOLD 3.570847121e-12 3.747329829e-01 1.000014809e+00 0.000000000e+00
CREM_HOLD 3.667512593e-12 3.747203257e-01 1.000014845e+00 0.000000000e+00
CREM_HOLD 3.764178076e-12 3.747600074e-01 1.000014853e+00 0.000000000e+00
CREM_HOLD 3.860539581e-12 3.747622380e-01 1.000014814e+00 0.000000000e+00
CREM_HOLD 3.956901076e-12 3.747222313e-01 1.000014817e+00 0.000000000e+00
CREM_HOLD 4.053566550e-12 3.747306779e-01 1.000014854e+00 0.000000000e+00
CREM_HOLD 4.150232036e-12 3.747686867e-01 1.000014842e+00 0.000000000e+00
CREM_HOLD 4.246593538e-12 3.747503038e-01 1.000014808e+00 0.000000000e+00
CREM_HOLD 4.343259010e-12 3.747173484e-01 1.000014829e+00 0.000000000e+00
CREM_HOLD 4.439924488e-12 3.747447558e-01 1.000014858e+00 0.000000000e+00
CREM_HOLD 4.536285995e-12 3.747705159e-01 1.000014828e+00 0.000000000e+00
CREM_HOLD 4.632647494e-12 3.747365977e-01 1.000014807e+00 0.000000000e+00
CREM_HOLD 4.729312966e-12 3.747198673e-01 1.000014842e+00 0.000000000e+00
CREM_HOLD 4.825978447e-12 3.747585055e-01 1.000014854e+00 0.000000000e+00
CREM_HOLD 4.922339953e-12 3.747650793e-01 1.000014816e+00 0.000000000e+00
CREM_HOLD 5.018701448e-12 3.747249769e-01 1.000014814e+00 0.000000000e+00
CREM_HOLD 5.115366922e-12 3.747290960e-01 1.000014852e+00 0.000000000e+00
CREM_HOLD 5.212032407e-12 3.747683576e-01 1.000014844e+00 0.000000000e+00
CREM_HOLD 5.308393910e-12 3.747539595e-01 1.000014808e+00 0.000000000e+00
CREM_HOLD 5.405059382e-12 3.747186947e-01 1.000014826e+00 0.000000000e+00
CREM_HOLD 5.501724859e-12 3.747427260e-01 1.000014857e+00 0.000000000e+00
CREM_HOLD 5.598086366e-12 3.747716912e-01 1.000014831e+00 0.000000000e+00
CREM_HOLD 5.694447865e-12 3.747403031e-01 1.000014806e+00 0.000000000e+00
CREM_HOLD 5.791113337e-12 3.747196967e-01 1.000014839e+00 0.000000000e+00
CREM_HOLD 5.887778818e-12 3.747568355e-01 1.000014855e+00 0.000000000e+00
CREM_HOLD 5.984140324e-12 3.747676773e-01 1.000014818e+00 0.000000000e+00
CREM_HOLD 6.080501819e-12 3.747279539e-01 1.000014812e+00 0.000000000e+00
CREM_HOLD 6.177167292e-12 3.747276963e-01 1.000014850e+00 0.000000000e+00
CREM_HOLD 6.273832777e-12 3.747677481e-01 1.000014846e+00 0.000000000e+00
CREM_HOLD 6.370194280e-12 3.747575070e-01 1.000014809e+00 0.000000000e+00
CREM_HOLD 6.466555773e-12 3.747203959e-01 1.000014823e+00 0.000000000e+00
CREM_HOLD 6.563221249e-12 3.747405797e-01 1.000014856e+00 0.000000000e+00
CREM_HOLD 6.659582756e-12 3.747725415e-01 1.000014833e+00 0.000000000e+00
CREM_HOLD 6.755944255e-12 3.747442083e-01 1.000014806e+00 0.000000000e+00
CREM_HOLD 6.852609727e-12 3.747197973e-01 1.000014836e+00 0.000000000e+00
CREM_HOLD 6.949275207e-12 3.747548916e-01 1.000014855e+00 0.000000000e+00
CREM_HOLD 7.045636713e-12 3.747700755e-01 1.000014820e+00 0.000000000e+00
CREM_HOLD 7.141998209e-12 3.747312557e-01 1.000014810e+00 0.000000000e+00
CREM_HOLD 7.238663682e-12 3.747264095e-01 1.000014848e+00 0.000000000e+00
CREM_HOLD 7.335329165e-12 3.747667824e-01 1.000014848e+00 0.000000000e+00
CREM_HOLD 7.431690669e-12 3.747610349e-01 1.000014810e+00 0.000000000e+00
CREM_HOLD 7.528052162e-12 3.747224269e-01 1.000014820e+00 0.000000000e+00
CREM_HOLD 7.624717638e-12 3.747385003e-01 1.000014855e+00 0.000000000e+00
CREM_HOLD 7.721079144e-12 3.747730444e-01 1.000014836e+00 0.000000000e+00
CREM_HOLD 7.817440644e-12 3.747481370e-01 1.000014805e+00 0.000000000e+00
CREM_HOLD 7.914106116e-12 3.747202393e-01 1.000014832e+00 0.000000000e+00
CREM_HOLD 8.010771595e-12 3.747528324e-01 1.000014856e+00 0.000000000e+00
CREM_HOLD 8.107133101e-12 3.747721629e-01 1.000014822e+00 0.000000000e+00
CREM_HOLD 8.203494598e-12 3.747347536e-01 1.000014808e+00 0.000000000e+00
CREM_HOLD 8.300160070e-12 3.747253816e-01 1.000014845e+00 0.000000000e+00
CREM_HOLD 8.396825553e-12 3.747655509e-01 1.000014849e+00 0.000000000e+00
CREM_HOLD 8.493187057e-12 3.747643742e-01 1.000014811e+00 0.000000000e+00
CREM_HOLD 8.589548551e-12 3.747247729e-01 1.000014817e+00 0.000000000e+00
CREM_HOLD 8.686214025e-12 3.747365264e-01 1.000014853e+00 0.000000000e+00
CREM_HOLD 8.782879510e-12 3.747732453e-01 1.000014838e+00 0.000000000e+00
CREM_HOLD 8.879241012e-12 3.747519073e-01 1.000014805e+00 0.000000000e+00
CREM_HOLD 8.975906483e-12 3.747210245e-01 1.000014829e+00 0.000000000e+00
CREM_HOLD 9.072571961e-12 3.747508383e-01 1.000014856e+00 0.000000000e+00
CREM_HOLD 9.168933467e-12 3.747738891e-01 1.000014824e+00 0.000000000e+00
CREM_HOLD 9.265294965e-12 3.747382795e-01 1.000014806e+00 0.000000000e+00
CREM_HOLD 9.361960436e-12 3.747247069e-01 1.000014842e+00 0.000000000e+00
CREM_HOLD 9.458625918e-12 3.747641955e-01 1.000014851e+00 0.000000000e+00
CREM_HOLD 9.554987423e-12 3.747673924e-01 1.000014812e+00 0.000000000e+00
CREM_HOLD 9.651348917e-12 3.747273255e-01 1.000014814e+00 0.000000000e+00
CREM_HOLD 9.748014391e-12 3.747348182e-01 1.000014852e+00 0.000000000e+00
CREM_HOLD 9.844679875e-12 3.747731425e-01 1.000014840e+00 0.000000000e+00
CREM_HOLD 9.941041377e-12 3.747556288e-01 1.000014805e+00 0.000000000e+00
CREM_HOLD 1.003770685e-11 3.747221267e-01 1.000014826e+00 0.000000000e+00
CREM_HOLD 1.013437233e-11 3.747488080e-01 1.000014855e+00 0.000000000e+00
CREM_HOLD 1.023073383e-11 3.747753082e-01 1.000014827e+00 0.000000000e+00
CREM_HOLD 1.032709533e-11 3.747419216e-01 1.000014805e+00 0.000000000e+00
CREM_HOLD 1.042376080e-11 3.747243089e-01 1.000014839e+00 0.000000000e+00
CREM_HOLD 1.052042628e-11 3.747626496e-01 1.000014852e+00 0.000000000e+00
CREM_HOLD 1.061678779e-11 3.747701845e-01 1.000014814e+00 0.000000000e+00
CREM_HOLD 1.071314928e-11 3.747301276e-01 1.000014811e+00 0.000000000e+00
CREM_HOLD 1.080981475e-11 3.747332702e-01 1.000014850e+00 0.000000000e+00
CREM_HOLD 1.090648024e-11 3.747727473e-01 1.000014842e+00 0.000000000e+00
CREM_HOLD 1.100284174e-11 3.747592674e-01 1.000014806e+00 0.000000000e+00
CREM_HOLD 1.109950721e-11 3.747235433e-01 1.000014823e+00 0.000000000e+00
CREM_HOLD 1.119617269e-11 3.747467759e-01 1.000014855e+00 0.000000000e+00
CREM_HOLD 1.129253420e-11 3.747764133e-01 1.000014829e+00 0.000000000e+00
CREM_HOLD 1.138889569e-11 3.747456472e-01 1.000014804e+00 0.000000000e+00
CREM_HOLD 1.148556116e-11 3.747242028e-01 1.000014836e+00 0.000000000e+00
CREM_HOLD 1.158222664e-11 3.747609416e-01 1.000014853e+00 0.000000000e+00
CREM_HOLD 1.167858815e-11 3.747727274e-01 1.000014816e+00 0.000000000e+00
CREM_HOLD 1.177494965e-11 3.747331565e-01 1.000014809e+00 0.000000000e+00
CREM_HOLD 1.187161512e-11 3.747319114e-01 1.000014847e+00 0.000000000e+00
CREM_HOLD 1.196828060e-11 3.747720744e-01 1.000014844e+00 0.000000000e+00
CREM_HOLD 1.206464210e-11 3.747627903e-01 1.000014807e+00 0.000000000e+00
CREM_HOLD 1.216130758e-11 3.747252683e-01 1.000014820e+00 0.000000000e+00
CREM_HOLD 1.225797305e-11 3.747447763e-01 1.000014854e+00 0.000000000e+00
CREM_HOLD 1.235433456e-11 3.747772014e-01 1.000014831e+00 0.000000000e+00
CREM_HOLD 1.245069606e-11 3.747494223e-01 1.000014803e+00 0.000000000e+00
CREM_HOLD 1.254736153e-11 3.747244006e-01 1.000014833e+00 0.000000000e+00
CREM_HOLD 1.264402701e-11 3.747591020e-01 1.000014853e+00 0.000000000e+00
CREM_HOLD 1.274038851e-11 3.747750012e-01 1.000014818e+00 0.000000000e+00
CREM_HOLD 1.283675001e-11 3.747363867e-01 1.000014807e+00 0.000000000e+00
CREM_HOLD 1.293341548e-11 3.747307684e-01 1.000014845e+00 0.000000000e+00
CREM_HOLD 1.303008096e-11 3.747711418e-01 1.000014846e+00 0.000000000e+00
CREM_HOLD 1.312644247e-11 3.747661660e-01 1.000014808e+00 0.000000000e+00
CREM_HOLD 1.322280396e-11 3.747273554e-01 1.000014817e+00 0.000000000e+00
CREM_HOLD 1.331946943e-11 3.747427073e-01 1.000014852e+00 0.000000000e+00
CREM_HOLD 1.341613492e-11 3.747776725e-01 1.000014834e+00 0.000000000e+00
CREM_HOLD 1.351249642e-11 3.747532120e-01 1.000014803e+00 0.000000000e+00
CREM_HOLD 1.360916189e-11 3.747249099e-01 1.000014830e+00 0.000000000e+00
CREM_HOLD 1.370582737e-11 3.747571623e-01 1.000014853e+00 0.000000000e+00
CREM_HOLD 1.380218887e-11 3.747769882e-01 1.000014820e+00 0.000000000e+00
CREM_HOLD 1.389855037e-11 3.747397899e-01 1.000014805e+00 0.000000000e+00
CREM_HOLD 1.399521584e-11 3.747298647e-01 1.000014842e+00 0.000000000e+00
CREM_HOLD 1.409188132e-11 3.747699700e-01 1.000014847e+00 0.000000000e+00
CREM_HOLD 1.418824282e-11 3.747693638e-01 1.000014809e+00 0.000000000e+00
CREM_HOLD 1.428460432e-11 3.747296769e-01 1.000014814e+00 0.000000000e+00
CREM_HOLD 1.438126979e-11 3.747408798e-01 1.000014851e+00 0.000000000e+00
CREM_HOLD 1.447793528e-11 3.747778320e-01 1.000014836e+00 0.000000000e+00
CREM_HOLD 1.457429678e-11 3.747569825e-01 1.000014803e+00 0.000000000e+00
CREM_HOLD 1.467096225e-11 3.747257362e-01 1.000014826e+00 0.000000000e+00
CREM_HOLD 1.476762772e-11 3.747551565e-01 1.000014853e+00 0.000000000e+00
CREM_HOLD 1.486398923e-11 3.747786760e-01 1.000014822e+00 0.000000000e+00
CREM_HOLD 1.496035073e-11 3.747433371e-01 1.000014804e+00 0.000000000e+00
CREM_HOLD 1.505701620e-11 3.747292226e-01 1.000014839e+00 0.000000000e+00
CREM_HOLD 1.515368168e-11 3.747685842e-01 1.000014849e+00 0.000000000e+00
CREM_HOLD 1.525004318e-11 3.747723570e-01 1.000014810e+00 0.000000000e+00
CREM_HOLD 1.534640468e-11 3.747322662e-01 1.000014811e+00 0.000000000e+00
CREM_HOLD 1.544307015e-11 3.747391865e-01 1.000014849e+00 0.000000000e+00
CREM_HOLD 1.553973563e-11 3.747776880e-01 1.000014838e+00 0.000000000e+00
CREM_HOLD 1.563609713e-11 3.747606994e-01 1.000014803e+00 0.000000000e+00
CREM_HOLD 1.573276261e-11 3.747268803e-01 1.000014823e+00 0.000000000e+00
CREM_HOLD 1.582942808e-11 3.747531190e-01 1.000014853e+00 0.000000000e+00
CREM_HOLD 1.592578959e-11 3.747800544e-01 1.000014825e+00 0.000000000e+00
CREM_HOLD 1.602215108e-11 3.747469966e-01 1.000014803e+00 0.000000000e+00
CREM_HOLD 1.611881656e-11 3.747288602e-01 1.000014836e+00 0.000000000e+00
CREM_HOLD 1.621548204e-11 3.747670108e-01 1.000014850e+00 0.000000000e+00
CREM_HOLD 1.631184354e-11 3.747751201e-01 1.000014812e+00 0.000000000e+00
CREM_HOLD 1.640820503e-11 3.747351029e-01 1.000014809e+00 0.000000000e+00
CREM_HOLD 1.650487051e-11 3.747376580e-01 1.000014847e+00 0.000000000e+00
CREM_HOLD 1.660153599e-11 3.747772525e-01 1.000014840e+00 0.000000000e+00
CREM_HOLD 1.669789749e-11 3.747643289e-01 1.000014804e+00 0.000000000e+00
CREM_HOLD 1.679456296e-11 3.747283394e-01 1.000014820e+00 0.000000000e+00
CREM_HOLD 1.689122844e-11 3.747510842e-01 1.000014852e+00 0.000000000e+00
CREM_HOLD 1.698758994e-11 3.747811172e-01 1.000014827e+00 0.000000000e+00
CREM_HOLD 1.708395144e-11 3.747507353e-01 1.000014802e+00 0.000000000e+00
CREM_HOLD 1.718061691e-11 3.747287926e-01 1.000014833e+00 0.000000000e+00
CREM_HOLD 1.727728239e-11 3.747652788e-01 1.000014850e+00 0.000000000e+00
CREM_HOLD 1.737364390e-11 3.747776304e-01 1.000014814e+00 0.000000000e+00
CREM_HOLD 1.747000539e-11 3.747381638e-01 1.000014807e+00 0.000000000e+00
CREM_HOLD 1.756667086e-11 3.747363230e-01 1.000014845e+00 0.000000000e+00
CREM_HOLD 1.766333634e-11 3.747765405e-01 1.000014842e+00 0.000000000e+00
CREM_HOLD 1.775969785e-11 3.747678378e-01 1.000014804e+00 0.000000000e+00
CREM_HOLD 1.785636332e-11 3.747301067e-01 1.000014817e+00 0.000000000e+00
CREM_HOLD 1.795302879e-11 3.747490867e-01 1.000014851e+00 0.000000000e+00
CREM_HOLD 1.804969428e-11 3.747818751e-01 1.000014829e+00 0.000000000e+00
CREM_HOLD 1.814605578e-11 3.747543752e-01 1.000014801e+00 0.000000000e+00
CREM_HOLD 1.824272125e-11 3.747290547e-01 1.000014830e+00 0.000000000e+00
CREM_HOLD 1.833938672e-11 3.747635553e-01 1.000014851e+00 0.000000000e+00
CREM_HOLD 1.843574823e-11 3.747798073e-01 1.000014816e+00 0.000000000e+00
CREM_HOLD 1.853210972e-11 3.747413014e-01 1.000014805e+00 0.000000000e+00
CREM_HOLD 1.862877519e-11 3.747352997e-01 1.000014842e+00 0.000000000e+00
CREM_HOLD 1.872544068e-11 3.747756665e-01 1.000014844e+00 0.000000000e+00
CREM_HOLD 1.882180218e-11 3.747710764e-01 1.000014805e+00 0.000000000e+00
CREM_HOLD 1.891846765e-11 3.747321062e-01 1.000014814e+00 0.000000000e+00
CREM_HOLD 1.901513312e-11 3.747472957e-01 1.000014850e+00 0.000000000e+00
CREM_HOLD 1.911179861e-11 3.747823463e-01 1.000014832e+00 0.000000000e+00
CREM_HOLD 1.920816011e-11 3.747580263e-01 1.000014801e+00 0.000000000e+00
CREM_HOLD 1.930482558e-11 3.747296006e-01 1.000014827e+00 0.000000000e+00
CREM_HOLD 1.940149106e-11 3.747617443e-01 1.000014851e+00 0.000000000e+00
CREM_HOLD 1.949785256e-11 3.747817236e-01 1.000014818e+00 0.000000000e+00
CREM_HOLD 1.959421406e-11 3.747445943e-01 1.000014803e+00 0.000000000e+00
CREM_HOLD 1.969087953e-11 3.747344960e-01 1.000014840e+00 0.000000000e+00
CREM_HOLD 1.978754501e-11 3.747745780e-01 1.000014845e+00 0.000000000e+00
CREM_HOLD 1.988390651e-11 3.747741521e-01 1.000014807e+00 0.000000000e+00
CREM_HOLD 1.998057198e-11 3.747343632e-01 1.000014811e+00 0.000000000e+00
CREM_HOLD 2.007723746e-11 3.747455982e-01 1.000014849e+00 0.000000000e+00
CREM_HOLD 2.017390294e-11 3.747825349e-01 1.000014834e+00 0.000000000e+00
CREM_HOLD 2.027026444e-11 3.747616587e-01 1.000014801e+00 0.000000000e+00
CREM_HOLD 2.036692991e-11 3.747304341e-01 1.000014824e+00 0.000000000e+00
CREM_HOLD 2.046359539e-11 3.747598743e-01 1.000014851e+00 0.000000000e+00
CREM_HOLD 2.055995689e-11 3.747833677e-01 1.000014820e+00 0.000000000e+00
CREM_HOLD 2.065631839e-11 3.747480166e-01 1.000014801e+00 0.000000000e+00
CREM_HOLD 2.075298386e-11 3.747339301e-01 1.000014837e+00 0.000000000e+00
CREM_HOLD 2.084964934e-11 3.747732960e-01 1.000014846e+00 0.000000000e+00
CREM_HOLD 2.094601084e-11 3.747770410e-01 1.000014808e+00 0.000000000e+00
CREM_HOLD 2.104237233e-11 3.747369533e-01 1.000014809e+00 0.000000000e+00
CREM_HOLD 2.113903781e-11 3.747438992e-01 1.000014847e+00 0.000000000e+00
CREM_HOLD 2.123570329e-11 3.747823910e-01 1.000014836e+00 0.000000000e+00
CREM_HOLD 2.133206479e-11 3.747653807e-01 1.000014801e+00 0.000000000e+00
CREM_HOLD 2.142873026e-11 3.747315765e-01 1.000014821e+00 0.000000000e+00
CREM_HOLD 2.152539574e-11 3.747578317e-01 1.000014851e+00 0.000000000e+00
CREM_HOLD 2.162175724e-11 3.747847487e-01 1.000014822e+00 0.000000000e+00
CREM_HOLD 2.171811874e-11 3.747516801e-01 1.000014800e+00 0.000000000e+00
CREM_HOLD 2.181478421e-11 3.747335638e-01 1.000014834e+00 0.000000000e+00
CREM_HOLD 2.191144969e-11 3.747717192e-01 1.000014847e+00 0.000000000e+00
CREM_HOLD 2.200781119e-11 3.747798084e-01 1.000014810e+00 0.000000000e+00
CREM_HOLD 2.210417268e-11 3.747397919e-01 1.000014806e+00 0.000000000e+00
CREM_HOLD 2.220083816e-11 3.747423655e-01 1.000014845e+00 0.000000000e+00
CREM_HOLD 2.229750364e-11 3.747819544e-01 1.000014838e+00 0.000000000e+00
CREM_HOLD 2.239386514e-11 3.747690151e-01 1.000014801e+00 0.000000000e+00
CREM_HOLD 2.249053061e-11 3.747330350e-01 1.000014818e+00 0.000000000e+00
CREM_HOLD 2.258719608e-11 3.747557916e-01 1.000014850e+00 0.000000000e+00
CREM_HOLD 2.268386157e-11 3.747858104e-01 1.000014825e+00 0.000000000e+00
CREM_HOLD 2.278022307e-11 3.747552804e-01 1.000014799e+00 0.000000000e+00
CREM_HOLD 2.287688854e-11 3.747335319e-01 1.000014831e+00 0.000000000e+00
CREM_HOLD 2.297355401e-11 3.747701138e-01 1.000014848e+00 0.000000000e+00
CREM_HOLD 2.306991552e-11 3.747822474e-01 1.000014812e+00 0.000000000e+00
CREM_HOLD 2.316627701e-11 3.747427427e-01 1.000014804e+00 0.000000000e+00
CREM_HOLD 2.326294248e-11 3.747411289e-01 1.000014842e+00 0.000000000e+00
CREM_HOLD 2.335960797e-11 3.747813238e-01 1.000014840e+00 0.000000000e+00
CREM_HOLD 2.345596947e-11 3.747724019e-01 1.000014802e+00 0.000000000e+00
CREM_HOLD 2.355263494e-11 3.747347512e-01 1.000014815e+00 0.000000000e+00
CREM_HOLD 2.364930041e-11 3.747539281e-01 1.000014849e+00 0.000000000e+00
CREM_HOLD 2.374596590e-11 3.747865836e-01 1.000014827e+00 0.000000000e+00
CREM_HOLD 2.384232739e-11 3.747589236e-01 1.000014799e+00 0.000000000e+00
CREM_HOLD 2.393899286e-11 3.747337775e-01 1.000014828e+00 0.000000000e+00
CREM_HOLD 2.403565834e-11 3.747683910e-01 1.000014848e+00 0.000000000e+00
CREM_HOLD 2.413201984e-11 3.747844401e-01 1.000014813e+00 0.000000000e+00
CREM_HOLD 2.422838134e-11 3.747458751e-01 1.000014802e+00 0.000000000e+00
CREM_HOLD 2.432504681e-11 3.747400908e-01 1.000014840e+00 0.000000000e+00
CREM_HOLD 2.442171229e-11 3.747804584e-01 1.000014841e+00 0.000000000e+00
CREM_HOLD 2.451807379e-11 3.747756525e-01 1.000014803e+00 0.000000000e+00
CREM_HOLD 2.461473926e-11 3.747367385e-01 1.000014812e+00 0.000000000e+00
CREM_HOLD 2.471140474e-11 3.747521279e-01 1.000014848e+00 0.000000000e+00
CREM_HOLD 2.480807022e-11 3.747870689e-01 1.000014829e+00 0.000000000e+00
CREM_HOLD 2.490443172e-11 3.747625797e-01 1.000014798e+00 0.000000000e+00
CREM_HOLD 2.500109719e-11 3.747343076e-01 1.000014825e+00 0.000000000e+00
CREM_HOLD 2.509776266e-11 3.747665787e-01 1.000014849e+00 0.000000000e+00
CREM_HOLD 2.519412417e-11 3.747863718e-01 1.000014815e+00 0.000000000e+00
CREM_HOLD 2.529048566e-11 3.747491648e-01 1.000014801e+00 0.000000000e+00
CREM_HOLD 2.538715113e-11 3.747392721e-01 1.000014838e+00 0.000000000e+00
CREM_HOLD 2.548381661e-11 3.747793767e-01 1.000014843e+00 0.000000000e+00
CREM_HOLD 2.558017812e-11 3.747787409e-01 1.000014804e+00 0.000000000e+00
CREM_HOLD 2.567684359e-11 3.747389849e-01 1.000014809e+00 0.000000000e+00
CREM_HOLD 2.577350906e-11 3.747504201e-01 1.000014846e+00 0.000000000e+00
CREM_HOLD 2.587017454e-11 3.747872702e-01 1.000014831e+00 0.000000000e+00
CREM_HOLD 2.596653604e-11 3.747662186e-01 1.000014798e+00 0.000000000e+00
CREM_HOLD 2.606320151e-11 3.747351263e-01 1.000014822e+00 0.000000000e+00
CREM_HOLD 2.615986699e-11 3.747647058e-01 1.000014849e+00 0.000000000e+00
CREM_HOLD 2.625622849e-11 3.747880310e-01 1.000014818e+00 0.000000000e+00
CREM_HOLD 2.635258999e-11 3.747525857e-01 1.000014799e+00 0.000000000e+00
CREM_HOLD 2.644925546e-11 3.747386912e-01 1.000014835e+00 0.000000000e+00
CREM_HOLD 2.654592094e-11 3.747780997e-01 1.000014844e+00 0.000000000e+00
CREM_HOLD 2.664228244e-11 3.747816430e-01 1.000014806e+00 0.000000000e+00
CREM_HOLD 2.673894791e-11 3.747414760e-01 1.000014807e+00 0.000000000e+00
CREM_HOLD 2.683561338e-11 3.747488326e-01 1.000014845e+00 0.000000000e+00
CREM_HOLD 2.693227887e-11 3.747871945e-01 1.000014833e+00 0.000000000e+00
CREM_HOLD 2.702864037e-11 3.747698103e-01 1.000014798e+00 0.000000000e+00
CREM_HOLD 2.712530583e-11 3.747362344e-01 1.000014819e+00 0.000000000e+00
CREM_HOLD 2.722197131e-11 3.747628021e-01 1.000014848e+00 0.000000000e+00
CREM_HOLD 2.731863679e-11 3.747893890e-01 1.000014820e+00 0.000000000e+00
CREM_HOLD 2.741499829e-11 3.747559709e-01 1.000014798e+00 0.000000000e+00
CREM_HOLD 2.751166376e-11 3.747384189e-01 1.000014832e+00 0.000000000e+00
CREM_HOLD 2.760832924e-11 3.747767730e-01 1.000014845e+00 0.000000000e+00
CREM_HOLD 2.770469074e-11 3.747842475e-01 1.000014807e+00 0.000000000e+00
CREM_HOLD 2.780135621e-11 3.747440933e-01 1.000014804e+00 0.000000000e+00
CREM_HOLD 2.789802168e-11 3.747475068e-01 1.000014843e+00 0.000000000e+00
CREM_HOLD 2.799468717e-11 3.747869199e-01 1.000014835e+00 0.000000000e+00
CREM_HOLD 2.809104867e-11 3.747731907e-01 1.000014799e+00 0.000000000e+00
CREM_HOLD 2.818771414e-11 3.747375950e-01 1.000014816e+00 0.000000000e+00
CREM_HOLD 2.828437961e-11 3.747610394e-01 1.000014848e+00 0.000000000e+00
CREM_HOLD 2.838104509e-11 3.747904889e-01 1.000014822e+00 0.000000000e+00
CREM_HOLD 2.847740659e-11 3.747594253e-01 1.000014797e+00 0.000000000e+00
CREM_HOLD 2.857407206e-11 3.747383863e-01 1.000014829e+00 0.000000000e+00
CREM_HOLD 2.867073754e-11 3.747753126e-01 1.000014845e+00 0.000000000e+00
CREM_HOLD 2.876709904e-11 3.747866475e-01 1.000014809e+00 0.000000000e+00
CREM_HOLD 2.886376451e-11 3.747468983e-01 1.000014802e+00 0.000000000e+00
CREM_HOLD 2.896042998e-11 3.747463348e-01 1.000014841e+00 0.000000000e+00
CREM_HOLD 2.905709546e-11 3.747864161e-01 1.000014837e+00 0.000000000e+00
CREM_HOLD 2.915345697e-11 3.747764777e-01 1.000014799e+00 0.000000000e+00
CREM_HOLD 2.925012243e-11 3.747392096e-01 1.000014813e+00 0.000000000e+00
CREM_HOLD 2.934678791e-11 3.747593016e-01 1.000014847e+00 0.000000000e+00
CREM_HOLD 2.944345339e-11 3.747913282e-01 1.000014824e+00 0.000000000e+00
CREM_HOLD 2.953981489e-11 3.747629237e-01 1.000014796e+00 0.000000000e+00
CREM_HOLD 2.963648036e-11 3.747386027e-01 1.000014826e+00 0.000000000e+00
CREM_HOLD 2.973314583e-11 3.747737410e-01 1.000014846e+00 0.000000000e+00
CREM_HOLD 2.982950734e-11 3.747888279e-01 1.000014810e+00 0.000000000e+00
CREM_HOLD 2.992586883e-11 3.747499915e-01 1.000014800e+00 0.000000000e+00
CREM_HOLD 3.002253430e-11 3.747452412e-01 1.000014838e+00 0.000000000e+00
CREM_HOLD 3.011919978e-11 3.747856043e-01 1.000014838e+00 0.000000000e+00
CREM_HOLD 3.021556128e-11 3.747797691e-01 1.000014800e+00 0.000000000e+00
CREM_HOLD 3.031222675e-11 3.747411320e-01 1.000014810e+00 0.000000000e+00
CREM_HOLD 3.040889223e-11 3.747574776e-01 1.000014846e+00 0.000000000e+00
CREM_HOLD 3.050555771e-11 3.747918841e-01 1.000014826e+00 0.000000000e+00
CREM_HOLD 3.060191921e-11 3.747665843e-01 1.000014796e+00 0.000000000e+00
CREM_HOLD 3.069858468e-11 3.747390606e-01 1.000014823e+00 0.000000000e+00
CREM_HOLD 3.079525015e-11 3.747719431e-01 1.000014846e+00 0.000000000e+00
CREM_HOLD 3.089161166e-11 3.747908275e-01 1.000014813e+00 0.000000000e+00
CREM_HOLD 3.098797315e-11 3.747532487e-01 1.000014799e+00 0.000000000e+00
CREM_HOLD 3.108463862e-11 3.747443629e-01 1.000014836e+00 0.000000000e+00
CREM_HOLD 3.118130410e-11 3.747845706e-01 1.000014840e+00 0.000000000e+00
CREM_HOLD 3.127766560e-11 3.747829039e-01 1.000014801e+00 0.000000000e+00
CREM_HOLD 3.137433107e-11 3.747433179e-01 1.000014807e+00 0.000000000e+00
CREM_HOLD 3.147099654e-11 3.747557392e-01 1.000014844e+00 0.000000000e+00
CREM_HOLD 3.156766203e-11 3.747921537e-01 1.000014828e+00 0.000000000e+00
CREM_HOLD 3.166402352e-11 3.747702352e-01 1.000014796e+00 0.000000000e+00
CREM_HOLD 3.176068899e-11 3.747398075e-01 1.000014820e+00 0.000000000e+00
CREM_HOLD 3.185735447e-11 3.747700771e-01 1.000014846e+00 0.000000000e+00
CREM_HOLD 3.195401995e-11 3.747925179e-01 1.000014815e+00 0.000000000e+00
CREM_HOLD 3.205038145e-11 3.747565107e-01 1.000014797e+00 0.000000000e+00
CREM_HOLD 3.214704691e-11 3.747437900e-01 1.000014833e+00 0.000000000e+00
CREM_HOLD 3.224371239e-11 3.747834474e-01 1.000014841e+00 0.000000000e+00
CREM_HOLD 3.234007390e-11 3.747857544e-01 1.000014803e+00 0.000000000e+00
CREM_HOLD 3.243673937e-11 3.747456660e-01 1.000014805e+00 0.000000000e+00
CREM_HOLD 3.253340484e-11 3.747542392e-01 1.000014843e+00 0.000000000e+00
CREM_HOLD 3.263007032e-11 3.747921944e-01 1.000014830e+00 0.000000000e+00
CREM_HOLD 3.272643182e-11 3.747737058e-01 1.000014796e+00 0.000000000e+00
CREM_HOLD 3.282309729e-11 3.747408285e-01 1.000014817e+00 0.000000000e+00
CREM_HOLD 3.291976276e-11 3.747683152e-01 1.000014846e+00 0.000000000e+00
CREM_HOLD 3.301642824e-11 3.747939564e-01 1.000014817e+00 0.000000000e+00
CREM_HOLD 3.311278974e-11 3.747598741e-01 1.000014796e+00 0.000000000e+00
CREM_HOLD 3.320945521e-11 3.747434425e-01 1.000014830e+00 0.000000000e+00
CREM_HOLD 3.330612069e-11 3.747821623e-01 1.000014842e+00 0.000000000e+00
CREM_HOLD 3.340248219e-11 3.747884225e-01 1.000014804e+00 0.000000000e+00
CREM_HOLD 3.349914766e-11 3.747482245e-01 1.000014803e+00 0.000000000e+00
CREM_HOLD 3.359581313e-11 3.747528651e-01 1.000014841e+00 0.000000000e+00
CREM_HOLD 3.369247861e-11 3.747919911e-01 1.000014832e+00 0.000000000e+00
CREM_HOLD 3.378884011e-11 3.747771151e-01 1.000014796e+00 0.000000000e+00
CREM_HOLD 3.388550558e-11 3.747421099e-01 1.000014814e+00 0.000000000e+00
CREM_HOLD 3.398217105e-11 3.747665445e-01 1.000014845e+00 0.000000000e+00
CREM_HOLD 3.407883654e-11 3.747951371e-01 1.000014819e+00 0.000000000e+00
CREM_HOLD 3.417519803e-11 3.747633146e-01 1.000014795e+00 0.000000000e+00
CREM_HOLD 3.427186350e-11 3.747433325e-01 1.000014828e+00 0.000000000e+00
CREM_HOLD 3.436852898e-11 3.747807361e-01 1.000014843e+00 0.000000000e+00
CREM_HOLD 3.446489048e-11 3.747908904e-01 1.000014806e+00 0.000000000e+00
CREM_HOLD 3.456155595e-11 3.747509769e-01 1.000014800e+00 0.000000000e+00
CREM_HOLD 3.465822142e-11 3.747516391e-01 1.000014839e+00 0.000000000e+00
CREM_HOLD 3.475488690e-11 3.747915539e-01 1.000014834e+00 0.000000000e+00
CREM_HOLD 3.485124840e-11 3.747804381e-01 1.000014797e+00 0.000000000e+00
CREM_HOLD 3.494791387e-11 3.747436479e-01 1.000014811e+00 0.000000000e+00
CREM_HOLD 3.504457934e-11 3.747647908e-01 1.000014845e+00 0.000000000e+00
CREM_HOLD 3.514124483e-11 3.747960566e-01 1.000014821e+00 0.000000000e+00
CREM_HOLD 3.523760632e-11 3.747668071e-01 1.000014794e+00 0.000000000e+00
CREM_HOLD 3.533427179e-11 3.747434698e-01 1.000014825e+00 0.000000000e+00
CREM_HOLD 3.543093727e-11 3.747791912e-01 1.000014843e+00 0.000000000e+00
CREM_HOLD 3.552729877e-11 3.747931422e-01 1.000014807e+00 0.000000000e+00
CREM_HOLD 3.562396424e-11 3.747539052e-01 1.000014798e+00 0.000000000e+00
CREM_HOLD 3.572062971e-11 3.747505817e-01 1.000014837e+00 0.000000000e+00
CREM_HOLD 3.581729519e-11 3.747908954e-01 1.000014835e+00 0.000000000e+00
CREM_HOLD 3.591365669e-11 3.747836509e-01 1.000014797e+00 0.000000000e+00
CREM_HOLD 3.601032216e-11 3.747454363e-01 1.000014809e+00 0.000000000e+00
CREM_HOLD 3.610698763e-11 3.747630799e-01 1.000014844e+00 0.000000000e+00
CREM_HOLD 3.620365312e-11 3.747967143e-01 1.000014823e+00 0.000000000e+00
CREM_HOLD 3.630001461e-11 3.747703259e-01 1.000014793e+00 0.000000000e+00
CREM_HOLD 3.639668008e-11 3.747438619e-01 1.000014822e+00 0.000000000e+00
CREM_HOLD 3.649334556e-11 3.747775511e-01 1.000014844e+00 0.000000000e+00
CREM_HOLD 3.659001104e-11 3.747951070e-01 1.000014809e+00 0.000000000e+00
CREM_HOLD 3.668667651e-11 3.747568648e-01 1.000014797e+00 0.000000000e+00
CREM_HOLD 3.678334198e-11 3.747498004e-01 1.000014834e+00 0.000000000e+00
CREM_HOLD 3.688000746e-11 3.747901285e-01 1.000014837e+00 0.000000000e+00
CREM_HOLD 3.697636896e-11 3.747866134e-01 1.000014798e+00 0.000000000e+00
CREM_HOLD 3.707303443e-11 3.747473965e-01 1.000014806e+00 0.000000000e+00
CREM_HOLD 3.716969990e-11 3.747615702e-01 1.000014842e+00 0.000000000e+00
CREM_HOLD 3.726636538e-11 3.747971431e-01 1.000014825e+00 0.000000000e+00
CREM_HOLD 3.736272688e-11 3.747737013e-01 1.000014793e+00 0.000000000e+00
CREM_HOLD 3.745939235e-11 3.747445179e-01 1.000014819e+00 0.000000000e+00
CREM_HOLD 3.755605782e-11 3.747759806e-01 1.000014844e+00 0.000000000e+00
CREM_HOLD 3.765272331e-11 3.747968564e-01 1.000014811e+00 0.000000000e+00
CREM_HOLD 3.774938878e-11 3.747599457e-01 1.000014795e+00 0.000000000e+00
CREM_HOLD 3.784605425e-11 3.747492018e-01 1.000014832e+00 0.000000000e+00
CREM_HOLD 3.794271973e-11 3.747891910e-01 1.000014838e+00 0.000000000e+00
CREM_HOLD 3.803908123e-11 3.747894383e-01 1.000014799e+00 0.000000000e+00
CREM_HOLD 3.813574670e-11 3.747495637e-01 1.000014804e+00 0.000000000e+00
CREM_HOLD 3.823241217e-11 3.747601424e-01 1.000014841e+00 0.000000000e+00
CREM_HOLD 3.832907765e-11 3.747973430e-01 1.000014827e+00 0.000000000e+00
CREM_HOLD 3.842543915e-11 3.747770553e-01 1.000014793e+00 0.000000000e+00
CREM_HOLD 3.852210462e-11 3.747454085e-01 1.000014816e+00 0.000000000e+00
CREM_HOLD 3.861877009e-11 3.747743682e-01 1.000014844e+00 0.000000000e+00
CREM_HOLD 3.871543557e-11 3.747983826e-01 1.000014813e+00 0.000000000e+00
CREM_HOLD 3.881179707e-11 3.747632644e-01 1.000014794e+00 0.000000000e+00
CREM_HOLD 3.890846254e-11 3.747487330e-01 1.000014829e+00 0.000000000e+00
CREM_HOLD 3.900512801e-11 3.747879827e-01 1.000014839e+00 0.000000000e+00
CREM_HOLD 3.910148951e-11 3.747922067e-01 1.000014801e+00 0.000000000e+00
CREM_HOLD 3.919815498e-11 3.747520183e-01 1.000014801e+00 0.000000000e+00
CREM_HOLD 3.929482045e-11 3.747586954e-01 1.000014839e+00 0.000000000e+00
CREM_HOLD 3.939148594e-11 3.747972624e-01 1.000014829e+00 0.000000000e+00
CREM_HOLD 3.948784743e-11 3.747805044e-01 1.000014793e+00 0.000000000e+00
CREM_HOLD 3.958451290e-11 3.747465562e-01 1.000014813e+00 0.000000000e+00
CREM_HOLD 3.968117838e-11 3.747725932e-01 1.000014843e+00 0.000000000e+00
CREM_HOLD 3.977784386e-11 3.747996975e-01 1.000014815e+00 0.000000000e+00
CREM_HOLD 3.987420535e-11 3.747666731e-01 1.000014793e+00 0.000000000e+00
CREM_HOLD 3.997087082e-11 3.747484967e-01 1.000014827e+00 0.000000000e+00
CREM_HOLD 4.006753630e-11 3.747866216e-01 1.000014840e+00 0.000000000e+00
CREM_HOLD 4.016420178e-11 3.747946949e-01 1.000014802e+00 0.000000000e+00
CREM_HOLD 4.026086725e-11 3.747545738e-01 1.000014799e+00 0.000000000e+00
CREM_HOLD 4.035753272e-11 3.747574987e-01 1.000014837e+00 0.000000000e+00
CREM_HOLD 4.045419820e-11 3.747970107e-01 1.000014830e+00 0.000000000e+00
CREM_HOLD 4.055055970e-11 3.747837455e-01 1.000014794e+00 0.000000000e+00
CREM_HOLD 4.064722517e-11 3.747479270e-01 1.000014810e+00 0.000000000e+00
CREM_HOLD 4.074389064e-11 3.747709631e-01 1.000014842e+00 0.000000000e+00
CREM_HOLD 4.084055612e-11 3.748007473e-01 1.000014817e+00 0.000000000e+00
CREM_HOLD 4.093691762e-11 3.747700041e-01 1.000014792e+00 0.000000000e+00
CREM_HOLD 4.103358308e-11 3.747485431e-01 1.000014824e+00 0.000000000e+00
CREM_HOLD 4.113024856e-11 3.747852593e-01 1.000014840e+00 0.000000000e+00
CREM_HOLD 4.122691404e-11 3.747969970e-01 1.000014804e+00 0.000000000e+00
CREM_HOLD 4.132357951e-11 3.747572968e-01 1.000014797e+00 0.000000000e+00
CREM_HOLD 4.142024498e-11 3.747564432e-01 1.000014835e+00 0.000000000e+00
CREM_HOLD 4.151691046e-11 3.747965536e-01 1.000014832e+00 0.000000000e+00
CREM_HOLD 4.161327196e-11 3.747868998e-01 1.000014794e+00 0.000000000e+00
CREM_HOLD 4.170993743e-11 3.747495263e-01 1.000014808e+00 0.000000000e+00
CREM_HOLD 4.180660290e-11 3.747693583e-01 1.000014842e+00 0.000000000e+00
END idx 22 ortho stop=none photons=1 nE=nan L=nan e=0.00000 rp/eps=nan n/psi0=0.0000e+00 ET=nan S=1.000000 Gf=0.000000e+00 check=0.000000e+00
