BEGIN 24 1
CREM_HOLD 0.000000000e+00 4.544224374e-01 1.000000000e+00 7.605731883e-01
CREM_HOLD 3.039659682e-16 4.544224377e-01 9.999808682e-01 7.605674716e-01
CREM_HOLD 2.595720555e-13 4.544183393e-01 9.999808664e-01 7.381251898e-01
CREM_HOLD 5.188401436e-13 4.544129834e-01 9.999784752e-01 7.269988476e-01
CREM_HOLD 7.781063719e-13 4.544211908e-01 9.999772899e-01 7.525846343e-01
CREM_HOLD 1.037371678e-12 4.544228862e-01 9.999800157e-01 7.569292084e-01
CREM_HOLD 1.296639105e-12 4.544168682e-01 9.999804787e-01 7.303493848e-01
CREM_HOLD 1.555906891e-12 4.544148945e-01 9.999776469e-01 7.328027923e-01
CREM_HOLD 1.815172475e-12 4.544224371e-01 9.999779084e-01 7.586892672e-01
CREM_HOLD 2.074438263e-12 4.544231755e-01 9.999806664e-01 7.497457252e-01
CREM_HOLD 2.333706195e-12 4.544156842e-01 9.999797133e-01 7.259106843e-01
CREM_HOLD 2.592973386e-12 4.544174332e-01 9.999771741e-01 7.412843823e-01
CREM_HOLD 2.852238603e-12 4.544232829e-01 9.999788122e-01 7.608224346e-01
CREM_HOLD 3.111505093e-12 4.544231231e-01 9.999808939e-01 7.408058764e-01
CREM_HOLD 3.370773203e-12 4.544152606e-01 9.999787608e-01 7.260325322e-01
CREM_HOLD 3.630039653e-12 4.544200069e-01 9.999771873e-01 7.501904907e-01
CREM_HOLD 3.889304879e-12 4.544239768e-01 9.999797612e-01 7.584644910e-01
CREM_HOLD 4.148572108e-12 4.544226442e-01 9.999806427e-01 7.324084425e-01
CREM_HOLD 4.407840022e-12 4.544158804e-01 9.999778661e-01 7.306829656e-01
CREM_HOLD 4.667105777e-12 4.544220878e-01 9.999776830e-01 7.572346521e-01
CREM_HOLD 4.926371389e-12 4.544247116e-01 9.999805119e-01 7.521872818e-01
CREM_HOLD 5.185639201e-12 4.544218500e-01 9.999799739e-01 7.267885119e-01
CREM_HOLD 5.444906595e-12 4.544175094e-01 9.999772674e-01 7.385847952e-01
CREM_HOLD 5.704171884e-12 4.544234284e-01 9.999785250e-01 7.606639572e-01
CREM_HOLD 5.963438151e-12 4.544255009e-01 9.999808775e-01 7.435413775e-01
CREM_HOLD 6.222706247e-12 4.544210425e-01 9.999790525e-01 7.254847436e-01
CREM_HOLD 6.481972925e-12 4.544197618e-01 9.999771287e-01 7.476196598e-01
CREM_HOLD 6.741238106e-12 4.544241442e-01 9.999794878e-01 7.596417676e-01
CREM_HOLD 7.000505122e-12 4.544261863e-01 9.999807687e-01 7.347266374e-01
CREM_HOLD 7.259773134e-12 4.544206115e-01 9.999781132e-01 7.288604305e-01
CREM_HOLD 7.519039080e-12 4.544220134e-01 9.999774887e-01 7.554446578e-01
CREM_HOLD 7.778304541e-12 4.544246041e-01 9.999803217e-01 7.544147822e-01
CREM_HOLD 8.037572206e-12 4.544265657e-01 9.999802118e-01 7.280648929e-01
CREM_HOLD 8.296839785e-12 4.544208706e-01 9.999774034e-01 7.359850577e-01
CREM_HOLD 8.556105179e-12 4.544236595e-01 9.999782481e-01 7.600965729e-01
CREM_HOLD 8.815371231e-12 4.544251910e-01 9.999808175e-01 7.462648946e-01
CREM_HOLD 9.074639281e-12 4.544265484e-01 9.999793434e-01 7.253660155e-01
CREM_HOLD 9.333906184e-12 4.544218828e-01 9.999771159e-01 7.449328849e-01
CREM_HOLD 9.593171355e-12 4.544243995e-01 9.999792018e-01 7.604359025e-01
CREM_HOLD 9.852438149e-12 4.544260801e-01 9.999808538e-01 7.372448002e-01
CREM_HOLD 1.011170623e-11 4.544262396e-01 9.999783822e-01 7.273781496e-01
CREM_HOLD 1.037097238e-11 4.544233626e-01 9.999773306e-01 7.533601788e-01
CREM_HOLD 1.063023772e-11 4.544243747e-01 9.999800999e-01 7.563789672e-01
CREM_HOLD 1.088950521e-11 4.544271732e-01 9.999804217e-01 7.297050502e-01
CREM_HOLD 1.114877296e-11 4.544259112e-01 9.999775787e-01 7.335460477e-01
CREM_HOLD 1.140803849e-11 4.544247519e-01 9.999779881e-01 7.591333391e-01
CREM_HOLD 1.166730434e-11 4.544240686e-01 9.999807152e-01 7.489143357e-01
CREM_HOLD 1.192657231e-11 4.544282055e-01 9.999796265e-01 7.256764047e-01
CREM_HOLD 1.218583943e-11 4.544258676e-01 9.999771494e-01 7.421908115e-01
CREM_HOLD 1.244510463e-11 4.544254786e-01 9.999789096e-01 7.608301823e-01
CREM_HOLD 1.270437119e-11 4.544240283e-01 9.999808962e-01 7.399039955e-01
CREM_HOLD 1.296363930e-11 4.544289297e-01 9.999786665e-01 7.262701601e-01
CREM_HOLD 1.322290568e-11 4.544262543e-01 9.999772127e-01 7.510259951e-01
CREM_HOLD 1.348217093e-11 4.544252631e-01 9.999798514e-01 7.580373052e-01
CREM_HOLD 1.374143823e-11 4.544245858e-01 9.999805989e-01 7.316704164e-01
CREM_HOLD 1.400070611e-11 4.544292606e-01 9.999777891e-01 7.313238921e-01
CREM_HOLD 1.425997180e-11 4.544269204e-01 9.999777514e-01 7.577931716e-01
CREM_HOLD 1.451923747e-11 4.544242804e-01 9.999805727e-01 7.514312314e-01
CREM_HOLD 1.477850533e-11 4.544257383e-01 9.999798953e-01 7.264101573e-01
CREM_HOLD 1.503777266e-11 4.544293139e-01 9.999772285e-01 7.394541076e-01
CREM_HOLD 1.529703792e-11 4.544274508e-01 9.999786181e-01 7.608138817e-01
CREM_HOLD 1.555630426e-11 4.544230759e-01 9.999808949e-01 7.426449977e-01
CREM_HOLD 1.581557237e-11 4.544272202e-01 9.999789594e-01 7.255655782e-01
CREM_HOLD 1.607483897e-11 4.544293241e-01 9.999771385e-01 7.484906049e-01
CREM_HOLD 1.633410416e-11 4.544273852e-01 9.999795814e-01 7.593516745e-01
CREM_HOLD 1.659337125e-11 4.544222916e-01 9.999807393e-01 7.339186348e-01
CREM_HOLD 1.685263924e-11 4.544286783e-01 9.999780297e-01 7.293730870e-01
CREM_HOLD 1.711190512e-11 4.544294771e-01 9.999775443e-01 7.561006170e-01
CREM_HOLD 1.737117062e-11 4.544264943e-01 9.999803926e-01 7.537583284e-01
CREM_HOLD 1.763043834e-11 4.544223769e-01 9.999801437e-01 7.275561769e-01
CREM_HOLD 1.788970587e-11 4.544298430e-01 9.999773518e-01 7.367859458e-01
CREM_HOLD 1.814897122e-11 4.544297591e-01 9.999783343e-01 7.603819969e-01
CREM_HOLD 1.840823734e-11 4.544249425e-01 9.999808492e-01 7.454054653e-01
CREM_HOLD 1.866750542e-11 4.544234354e-01 9.999792540e-01 7.252894730e-01
CREM_HOLD 1.892677225e-11 4.544306308e-01 9.999771103e-01 7.458084639e-01
CREM_HOLD 1.918603742e-11 4.544299367e-01 9.999792960e-01 7.602880039e-01
CREM_HOLD 1.944530428e-11 4.544232386e-01 9.999808394e-01 7.364000616e-01
CREM_HOLD 1.970457235e-11 4.544252454e-01 9.999782948e-01 7.277477554e-01
CREM_HOLD 1.996383844e-11 4.544311408e-01 9.999773722e-01 7.540881131e-01
CREM_HOLD 2.022310381e-11 4.544296926e-01 9.999801786e-01 7.558389423e-01
CREM_HOLD 2.048237136e-11 4.544220156e-01 9.999803656e-01 7.290939590e-01
CREM_HOLD 2.074163906e-11 4.544273893e-01 9.999775165e-01 7.342536757e-01
CREM_HOLD 2.100090454e-11 4.544315484e-01 9.999780654e-01 7.595376057e-01
CREM_HOLD 2.126017045e-11 4.544288328e-01 9.999807595e-01 7.481185287e-01
CREM_HOLD 2.151943846e-11 4.544217724e-01 9.999795432e-01 7.254587973e-01
CREM_HOLD 2.177870552e-11 4.544294250e-01 9.999771293e-01 7.430421344e-01
CREM_HOLD 2.203797070e-11 4.544319629e-01 9.999790020e-01 7.608187337e-01
CREM_HOLD 2.229723734e-11 4.544274390e-01 9.999808963e-01 7.390548986e-01
CREM_HOLD 2.255650545e-11 4.544227051e-01 9.999785778e-01 7.264983274e-01
CREM_HOLD 2.281577176e-11 4.544310482e-01 9.999772401e-01 7.517986741e-01
CREM_HOLD 2.307503702e-11 4.544323416e-01 9.999799352e-01 7.576194622e-01
CREM_HOLD 2.333430439e-11 4.544258781e-01 9.999805556e-01 7.309888300e-01
CREM_HOLD 2.359357223e-11 4.544246618e-01 9.999777186e-01 7.319267553e-01
CREM_HOLD 2.385283787e-11 4.544321874e-01 9.999778185e-01 7.582951095e-01
CREM_HOLD 2.411210359e-11 4.544325137e-01 9.999806276e-01 7.507150304e-01
CREM_HOLD 2.437137149e-11 4.544246704e-01 9.999798200e-01 7.260760833e-01
CREM_HOLD 2.463063877e-11 4.544272032e-01 9.999771953e-01 7.402615621e-01
CREM_HOLD 2.488990400e-11 4.544329827e-01 9.999787065e-01 7.609266167e-01
CREM_HOLD 2.514917041e-11 4.544322967e-01 9.999809082e-01 7.418143973e-01
CREM_HOLD 2.540843853e-11 4.544242948e-01 9.999788717e-01 7.256648288e-01
CREM_HOLD 2.566770507e-11 4.544297542e-01 9.999771517e-01 7.492863731e-01
CREM_HOLD 2.592697026e-11 4.544336590e-01 9.999796682e-01 7.590537583e-01
CREM_HOLD 2.618623742e-11 4.544316391e-01 9.999807088e-01 7.331910746e-01
CREM_HOLD 2.644550539e-11 4.544250148e-01 9.999779531e-01 7.298708774e-01
CREM_HOLD 2.670477121e-11 4.544318212e-01 9.999775999e-01 7.566817751e-01
CREM_HOLD 2.696403676e-11 4.544343670e-01 9.999804562e-01 7.531285298e-01
CREM_HOLD 2.722330452e-11 4.544307005e-01 9.999800775e-01 7.271259203e-01
CREM_HOLD 2.748257200e-11 4.544267675e-01 9.999773070e-01 7.375397006e-01
CREM_HOLD 2.774183732e-11 4.544331858e-01 9.999784171e-01 7.606072527e-01
CREM_HOLD 2.800110350e-11 4.544350854e-01 9.999808746e-01 7.446060548e-01
CREM_HOLD 2.826037160e-11 4.544298234e-01 9.999791694e-01 7.252712332e-01
CREM_HOLD 2.851963836e-11 4.544291459e-01 9.999771096e-01 7.466134899e-01
CREM_HOLD 2.877890353e-11 4.544339695e-01 9.999793840e-01 7.601067504e-01
CREM_HOLD 2.903817047e-11 4.544356479e-01 9.999808215e-01 7.356402820e-01
CREM_HOLD 2.929743852e-11 4.544294142e-01 9.999782140e-01 7.281415589e-01
CREM_HOLD 2.955670454e-11 4.544315222e-01 9.999774157e-01 7.547361779e-01
CREM_HOLD 2.981596995e-11 4.544345197e-01 9.999802495e-01 7.553000491e-01
CREM_HOLD 3.007523756e-11 4.544358740e-01 9.999803094e-01 7.285771581e-01
CREM_HOLD 3.033450521e-11 4.544297773e-01 9.999774615e-01 7.349466127e-01
CREM_HOLD 3.059377065e-11 4.544333010e-01 9.999781410e-01 7.598686600e-01
CREM_HOLD 3.085303662e-11 4.544351811e-01 9.999807964e-01 7.473595638e-01
CREM_HOLD 3.111230465e-11 4.544357126e-01 9.999794633e-01 7.253248886e-01
CREM_HOLD 3.137157165e-11 4.544309501e-01 9.999771151e-01 7.438456872e-01
CREM_HOLD 3.163083682e-11 4.544341914e-01 9.999790893e-01 7.607550786e-01
CREM_HOLD 3.189010353e-11 4.544360943e-01 9.999808910e-01 7.382719967e-01
CREM_HOLD 3.214937163e-11 4.544353084e-01 9.999784950e-01 7.267813292e-01
CREM_HOLD 3.240863788e-11 4.544326182e-01 9.999772705e-01 7.525044343e-01
CREM_HOLD 3.266790317e-11 4.544343337e-01 9.999800121e-01 7.571799365e-01
CREM_HOLD 3.292717059e-11 4.544371447e-01 9.999805103e-01 7.303890911e-01
CREM_HOLD 3.318643840e-11 4.544349583e-01 9.999776550e-01 7.325456440e-01
CREM_HOLD 3.344570399e-11 4.544342014e-01 9.999778850e-01 7.587283951e-01
CREM_HOLD 3.370496976e-11 4.544341945e-01 9.999806754e-01 7.500100184e-01
CREM_HOLD 3.396423770e-11 4.544380749e-01 9.999797465e-01 7.258209645e-01
CREM_HOLD 3.422350492e-11 4.544349697e-01 9.999771682e-01 7.410481832e-01
CREM_HOLD 3.448277013e-11 4.544351150e-01 9.999787913e-01 7.609850174e-01
CREM_HOLD 3.474203661e-11 4.544342937e-01 9.999809160e-01 7.410222443e-01
CREM_HOLD 3.500130473e-11 4.544386654e-01 9.999787889e-01 7.258219108e-01
CREM_HOLD 3.526057120e-11 4.544354718e-01 9.999771684e-01 7.500367804e-01
CREM_HOLD 3.551983642e-11 4.544350744e-01 9.999797493e-01 7.587265483e-01
CREM_HOLD 3.577910364e-11 4.544349347e-01 9.999806756e-01 7.325168108e-01
CREM_HOLD 3.603837157e-11 4.544388673e-01 9.999778827e-01 7.303937919e-01
CREM_HOLD 3.629763734e-11 4.544362840e-01 9.999776558e-01 7.572105446e-01
CREM_HOLD 3.655690293e-11 4.544342532e-01 9.999805139e-01 7.524973607e-01
CREM_HOLD 3.681617075e-11 4.544360949e-01 9.999800122e-01 7.267477062e-01
CREM_HOLD 3.707543817e-11 4.544388291e-01 9.999772679e-01 7.382851993e-01
CREM_HOLD 3.733470346e-11 4.544369596e-01 9.999784969e-01 7.607898028e-01
CREM_HOLD 3.759396971e-11 4.544331925e-01 9.999808955e-01 7.438277373e-01
CREM_HOLD 3.785323782e-11 4.544375064e-01 9.999790887e-01 7.252885388e-01
CREM_HOLD 3.811250452e-11 4.544388023e-01 9.999771124e-01 7.473867693e-01
CREM_HOLD 3.837176969e-11 4.544370136e-01 9.999794671e-01 7.599038282e-01
CREM_HOLD 3.863103669e-11 4.544325248e-01 9.999808014e-01 7.349121019e-01
CREM_HOLD 3.889030473e-11 4.544388340e-01 9.999781389e-01 7.285448404e-01
CREM_HOLD 3.914957069e-11 4.544389684e-01 9.999774594e-01 7.553449285e-01
CREM_HOLD 3.940883613e-11 4.544362075e-01 9.999803154e-01 7.547640372e-01
CREM_HOLD 3.966810379e-11 4.544326834e-01 9.999802541e-01 7.280878360e-01
CREM_HOLD 3.992737140e-11 4.544398423e-01 9.999774119e-01 7.356222341e-01
CREM_HOLD 4.018663680e-11 4.544392893e-01 9.999782137e-01 7.601688598e-01
CREM_HOLD 4.044590283e-11 4.544347117e-01 9.999808297e-01 7.466233216e-01
CREM_HOLD 4.070517089e-11 4.544337560e-01 9.999793871e-01 7.252016373e-01
CREM_HOLD 4.096443783e-11 4.544404856e-01 9.999771043e-01 7.446131857e-01
CREM_HOLD 4.122370299e-11 4.544394982e-01 9.999791719e-01 7.606805050e-01
CREM_HOLD 4.148296976e-11 4.544330483e-01 9.999808845e-01 7.375204333e-01
CREM_HOLD 4.174223786e-11 4.544355140e-01 9.999784175e-01 7.270511805e-01
CREM_HOLD 4.200150404e-11 4.544408899e-01 9.999773014e-01 7.531689880e-01
CREM_HOLD 4.226076936e-11 4.544392517e-01 9.999800839e-01 7.567539903e-01
CREM_HOLD 4.252003684e-11 4.544318600e-01 9.999804664e-01 7.298151264e-01
CREM_HOLD 4.277930462e-11 4.544375518e-01 9.999775968e-01 7.331280576e-01
CREM_HOLD 4.303857016e-11 4.544412347e-01 9.999779489e-01 7.591297702e-01
CREM_HOLD 4.329783598e-11 4.544383495e-01 9.999807193e-01 7.493403168e-01
CREM_HOLD 4.355710395e-11 4.544316445e-01 9.999796768e-01 7.255734107e-01
CREM_HOLD 4.381637112e-11 4.544394567e-01 9.999771450e-01 7.417823424e-01
CREM_HOLD 4.407563631e-11 4.544416093e-01 9.999788711e-01 7.610321416e-01
CREM_HOLD 4.433490285e-11 4.544368889e-01 9.999809223e-01 7.402779852e-01
CREM_HOLD 4.459417098e-11 4.544325880e-01 9.999787115e-01 7.259610617e-01
CREM_HOLD 4.485343739e-11 4.544409603e-01 9.999771863e-01 7.507305152e-01
CREM_HOLD 4.511270262e-11 4.544419402e-01 9.999798246e-01 7.584147313e-01
CREM_HOLD 4.537196989e-11 4.544352637e-01 9.999806436e-01 7.318896567e-01
CREM_HOLD 4.563123781e-11 4.544345315e-01 9.999778181e-01 7.308730943e-01
CREM_HOLD 4.589050353e-11 4.544420167e-01 9.999777096e-01 7.576914944e-01
CREM_HOLD 4.614976916e-11 4.544420328e-01 9.999805666e-01 7.519083209e-01
CREM_HOLD 4.640903701e-11 4.544340176e-01 9.999799505e-01 7.264016120e-01
CREM_HOLD 4.666830439e-11 4.544370413e-01 9.999772336e-01 7.389677184e-01
CREM_HOLD 4.692756965e-11 4.544427681e-01 9.999785721e-01 7.609448608e-01
CREM_HOLD 4.718683595e-11 4.544417027e-01 9.999809134e-01 7.431124344e-01
CREM_HOLD 4.744610408e-11 4.544336384e-01 9.999790135e-01 7.253119518e-01
CREM_HOLD 4.770537073e-11 4.544395626e-01 9.999771177e-01 7.480884497e-01
CREM_HOLD 4.796463590e-11 4.544434194e-01 9.999795439e-01 7.597016084e-01
CREM_HOLD 4.822390296e-11 4.544409182e-01 9.999807811e-01 7.342565392e-01
CREM_HOLD 4.848317098e-11 4.544343855e-01 9.999780701e-01 7.289236214e-01
CREM_HOLD 4.874243689e-11 4.544416244e-01 9.999775026e-01 7.558862036e-01
CREM_HOLD 4.900170236e-11 4.544440921e-01 9.999803748e-01 7.542600068e-01
CREM_HOLD 4.926097007e-11 4.544398692e-01 9.999802014e-01 7.276656019e-01
CREM_HOLD 4.952023764e-11 4.544361889e-01 9.999773681e-01 7.362457030e-01
CREM_HOLD 4.977950301e-11 4.544430199e-01 9.999782827e-01 7.604181469e-01
CREM_HOLD 5.003876909e-11 4.544447445e-01 9.999808578e-01 7.459478865e-01
CREM_HOLD 5.029803717e-11 4.544389254e-01 9.999793158e-01 7.251244228e-01
CREM_HOLD 5.055730405e-11 4.544386409e-01 9.999770976e-01 7.453102222e-01
CREM_HOLD 5.081656921e-11 4.544438619e-01 9.999792485e-01 7.605816104e-01
CREM_HOLD 5.107583604e-11 4.544452090e-01 9.999808753e-01 7.368499486e-01
CREM_HOLD 5.133510413e-11 4.544385065e-01 9.999783465e-01 7.273348856e-01
CREM_HOLD 5.159437026e-11 4.544411193e-01 9.999773333e-01 7.537579945e-01
CREM_HOLD 5.185363560e-11 4.544444734e-01 9.999801486e-01 7.563360637e-01
CREM_HOLD 5.211290313e-11 4.544453217e-01 9.999804231e-01 7.293281424e-01
CREM_HOLD 5.237217087e-11 4.544389168e-01 9.999775451e-01 7.336893107e-01
CREM_HOLD 5.263143638e-11 4.544430315e-01 9.999780106e-01 7.594647496e-01
CREM_HOLD 5.289070224e-11 4.544451727e-01 9.999807567e-01 7.487109864e-01
CREM_HOLD 5.314997025e-11 4.544450569e-01 9.999796107e-01 7.254010250e-01
CREM_HOLD 5.340923736e-11 4.544401881e-01 9.999771268e-01 7.424667016e-01
CREM_HOLD 5.366850254e-11 4.544440779e-01 9.999789459e-01 7.610344142e-01
CREM_HOLD 5.392776913e-11 4.544460838e-01 9.999809241e-01 7.395999017e-01
CREM_HOLD 5.418703727e-11 4.544445832e-01 9.999786399e-01 7.261476104e-01
CREM_HOLD 5.444630362e-11 4.544420000e-01 9.999772066e-01 7.513590571e-01
CREM_HOLD 5.470556886e-11 4.544443777e-01 9.999798934e-01 7.580874795e-01
CREM_HOLD 5.496483620e-11 4.544470899e-01 9.999806103e-01 7.313416389e-01
CREM_HOLD 5.522410408e-11 4.544442120e-01 9.999777600e-01 7.313636495e-01
CREM_HOLD 5.548336976e-11 4.544437638e-01 9.999777626e-01 7.581078742e-01
CREM_HOLD 5.574263543e-11 4.544443723e-01 9.999806126e-01 7.513345995e-01
CREM_HOLD 5.600190332e-11 4.544479443e-01 9.999798910e-01 7.261306252e-01
CREM_HOLD 5.626117065e-11 4.544442560e-01 9.999772048e-01 7.396277580e-01
CREM_HOLD 5.652043589e-11 4.544448794e-01 9.999786434e-01 7.610504840e-01
CREM_HOLD 5.677970225e-11 4.544445618e-01 9.999809262e-01 7.424373263e-01
CREM_HOLD 5.703897038e-11 4.544484454e-01 9.999789431e-01 7.253898344e-01
CREM_HOLD 5.729823698e-11 4.544448423e-01 9.999771260e-01 7.487457980e-01
CREM_HOLD 5.755750215e-11 4.544450381e-01 9.999796152e-01 7.594745249e-01
CREM_HOLD 5.781676927e-11 4.544452398e-01 9.999807586e-01 7.336540646e-01
CREM_HOLD 5.807603727e-11 4.544485646e-01 9.999780073e-01 7.293257531e-01
CREM_HOLD 5.833530314e-11 4.544457829e-01 9.999775455e-01 7.563778672e-01
CREM_HOLD 5.859456864e-11 4.544443878e-01 9.999804286e-01 7.537576997e-01
CREM_HOLD 5.885383639e-11 4.544463840e-01 9.999801498e-01 7.272941521e-01
CREM_HOLD 5.911310392e-11 4.544484673e-01 9.999773296e-01 7.368610988e-01
CREM_HOLD 5.937236926e-11 4.544466147e-01 9.999783487e-01 7.606282187e-01
CREM_HOLD 5.963163539e-11 4.544434511e-01 9.999808816e-01 7.452948701e-01
CREM_HOLD 5.989090349e-11 4.544477335e-01 9.999792484e-01 7.250815059e-01
CREM_HOLD 6.015017032e-11 4.544484164e-01 9.999770938e-01 7.459774576e-01
CREM_HOLD 6.040943547e-11 4.544468275e-01 9.999793203e-01 7.604642814e-01
CREM_HOLD 6.066870236e-11 4.544428532e-01 9.999808644e-01 7.362106025e-01
CREM_HOLD 6.092797044e-11 4.544489675e-01 9.999782807e-01 7.276277159e-01
CREM_HOLD 6.118723652e-11 4.544485969e-01 9.999773652e-01 7.543109157e-01
CREM_HOLD 6.144650189e-11 4.544461557e-01 9.999802086e-01 7.559231327e-01
CREM_HOLD 6.170576946e-11 4.544430289e-01 9.999803809e-01 7.288667842e-01
CREM_HOLD 6.196503717e-11 4.544498701e-01 9.999774983e-01 7.342343224e-01
CREM_HOLD 6.222430264e-11 4.544489641e-01 9.999780692e-01 7.597727544e-01
CREM_HOLD 6.248356855e-11 4.544447503e-01 9.999807908e-01 7.481046489e-01
CREM_HOLD 6.274283658e-11 4.544440706e-01 9.999795483e-01 7.252368335e-01
CREM_HOLD 6.300210365e-11 4.544504160e-01 9.999771116e-01 7.431176892e-01
CREM_HOLD 6.326136881e-11 4.544492332e-01 9.999790160e-01 7.610294899e-01
CREM_HOLD 6.352063546e-11 4.544431280e-01 9.999809250e-01 7.389511328e-01
CREM_HOLD 6.377990360e-11 4.544457588e-01 9.999785734e-01 7.263189674e-01
CREM_HOLD 6.403916990e-11 4.544507460e-01 9.999772268e-01 7.519505665e-01
CREM_HOLD 6.429843516e-11 4.544490368e-01 9.999799574e-01 7.577763576e-01
CREM_HOLD 6.455770254e-11 4.544419379e-01 9.999805787e-01 7.308151367e-01
CREM_HOLD 6.481697040e-11 4.544477027e-01 9.999777068e-01 7.318171340e-01
CREM_HOLD 6.507623603e-11 4.544510444e-01 9.999778126e-01 7.584975624e-01
CREM_HOLD 6.533550175e-11 4.544481551e-01 9.999806553e-01 7.507964797e-01
CREM_HOLD 6.559476967e-11 4.544416892e-01 9.999798353e-01 7.258614739e-01
CREM_HOLD 6.585403696e-11 4.544495104e-01 9.999771792e-01 7.402369088e-01
CREM_HOLD 6.611330218e-11 4.544513927e-01 9.999787098e-01 7.611502349e-01
CREM_HOLD 6.637256859e-11 4.544466781e-01 9.999809382e-01 7.418073179e-01
CREM_HOLD 6.663183673e-11 4.544425790e-01 9.999788780e-01 7.254439914e-01
CREM_HOLD 6.689110327e-11 4.544509329e-01 9.999771347e-01 7.493504149e-01
CREM_HOLD 6.715036846e-11 4.544517008e-01 9.999796809e-01 7.592671658e-01
CREM_HOLD 6.740963563e-11 4.544450063e-01 9.999807378e-01 7.330926968e-01
CREM_HOLD 6.766890361e-11 4.544444602e-01 9.999779498e-01 7.296800532e-01
CREM_HOLD 6.792816943e-11 4.544519343e-01 9.999775860e-01 7.568275834e-01
CREM_HOLD 6.818743497e-11 4.544517575e-01 9.999804778e-01 7.532993710e-01
CREM_HOLD 6.844670276e-11 4.544436984e-01 9.999801021e-01 7.269464869e-01
CREM_HOLD 6.870597025e-11 4.544469165e-01 9.999772952e-01 7.374121605e-01
CREM_HOLD 6.896523556e-11 4.544526530e-01 9.999784098e-01 7.608175464e-01
CREM_HOLD 6.922450174e-11 4.544513705e-01 9.999809032e-01 7.447031573e-01
CREM_HOLD 6.948376985e-11 4.544432577e-01 9.999791865e-01 7.250357880e-01
CREM_HOLD 6.974303664e-11 4.544494120e-01 9.999770918e-01 7.465750818e-01
CREM_HOLD 7.000230179e-11 4.544532792e-01 9.999793860e-01 7.603537822e-01
CREM_HOLD 7.026156872e-11 4.544505112e-01 9.999808539e-01 7.356383993e-01
CREM_HOLD 7.052083680e-11 4.544439569e-01 9.999782209e-01 7.278886330e-01
CREM_HOLD 7.078010283e-11 4.544514866e-01 9.999773959e-01 7.548012207e-01
CREM_HOLD 7.103936822e-11 4.544539187e-01 9.999802625e-01 7.555461184e-01
CREM_HOLD 7.129863584e-11 4.544493815e-01 9.999803418e-01 7.284642363e-01
CREM_HOLD 7.155790352e-11 4.544457401e-01 9.999774568e-01 7.347228783e-01
CREM_HOLD 7.181716896e-11 4.544529276e-01 9.999781240e-01 7.600363468e-01
CREM_HOLD 7.207643491e-11 4.544545217e-01 9.999808204e-01 7.475597216e-01
CREM_HOLD 7.233570296e-11 4.544483654e-01 9.999794910e-01 7.251094917e-01
CREM_HOLD 7.259496998e-11 4.544482176e-01 9.999770997e-01 7.436976367e-01
CREM_HOLD 7.285423514e-11 4.544538263e-01 9.999790802e-01 7.610067860e-01
CREM_HOLD 7.311350184e-11 4.544549227e-01 9.999809240e-01 7.383804930e-01
CREM_HOLD 7.337276997e-11 4.544478953e-01 9.999785131e-01 7.264961967e-01
CREM_HOLD 7.363203623e-11 4.544507800e-01 9.999772476e-01 7.524692073e-01
CREM_HOLD 7.389130150e-11 4.544544804e-01 9.999800147e-01 7.574783252e-01
CREM_HOLD 7.415056893e-11 4.544549665e-01 9.999805482e-01 7.303700140e-01
CREM_HOLD 7.440983677e-11 4.544482869e-01 9.999776597e-01 7.322442184e-01
CREM_HOLD 7.466910236e-11 4.544528306e-01 9.999778602e-01 7.588255639e-01
CREM_HOLD 7.492836811e-11 4.544551927e-01 9.999806919e-01 7.503013265e-01
CREM_HOLD 7.518763607e-11 4.544546374e-01 9.999797836e-01 7.256609526e-01
CREM_HOLD 7.544690331e-11 4.544495869e-01 9.999771582e-01 7.407942747e-01
CREM_HOLD 7.570616852e-11 4.544540429e-01 9.999787712e-01 7.612104035e-01
CREM_HOLD 7.596543497e-11 4.544560871e-01 9.999809462e-01 7.412434122e-01
CREM_HOLD 7.622470312e-11 4.544541123e-01 9.999788185e-01 7.255398644e-01
CREM_HOLD 7.648396962e-11 4.544514913e-01 9.999771455e-01 7.498906570e-01
CREM_HOLD 7.674323481e-11 4.544544959e-01 9.999797404e-01 7.590489549e-01
CREM_HOLD 7.700250203e-11 4.544570574e-01 9.999807161e-01 7.326083971e-01
CREM_HOLD 7.726177000e-11 4.544537092e-01 9.999778985e-01 7.300419321e-01
CREM_HOLD 7.752103578e-11 4.544534173e-01 9.999776254e-01 7.572153345e-01
CREM_HOLD 7.778030134e-11 4.544545975e-01 9.999805208e-01 7.528595172e-01
CREM_HOLD 7.803956916e-11 4.544578681e-01 9.999800568e-01 7.266711134e-01
CREM_HOLD 7.829883662e-11 4.544537492e-01 9.999772660e-01 7.379393176e-01
CREM_HOLD 7.855810191e-11 4.544547459e-01 9.999784671e-01 7.609607225e-01
CREM_HOLD 7.881736813e-11 4.544548353e-01 9.999809200e-01 7.441532122e-01
CREM_HOLD 7.907663626e-11 4.544583249e-01 9.999791293e-01 7.250422243e-01
CREM_HOLD 7.933590300e-11 4.544543745e-01 9.999770925e-01 7.471287578e-01
CREM_HOLD 7.959516815e-11 4.544551260e-01 9.999794463e-01 7.602215248e-01
CREM_HOLD 7.985443513e-11 4.544555120e-01 9.999808415e-01 7.351196145e-01
CREM_HOLD 8.011370320e-11 4.544584026e-01 9.999781669e-01 7.281718008e-01
CREM_HOLD 8.037296919e-11 4.544554120e-01 9.999774261e-01 7.552434069e-01
CREM_HOLD 8.063223460e-11 4.544546558e-01 9.999803111e-01 7.551732735e-01
CREM_HOLD 8.089150226e-11 4.544566237e-01 9.999803040e-01 7.281121985e-01
CREM_HOLD 8.115076991e-11 4.544582693e-01 9.999774203e-01 7.352035255e-01
CREM_HOLD 8.141003532e-11 4.544563993e-01 9.999781756e-01 7.602626802e-01
CREM_HOLD 8.166930131e-11 4.544538245e-01 9.999808460e-01 7.470388246e-01
CREM_HOLD 8.192856939e-11 4.544579254e-01 9.999794376e-01 7.250162284e-01
CREM_HOLD 8.218783636e-11 4.544581950e-01 9.999770904e-01 7.442488704e-01
CREM_HOLD 8.244710151e-11 4.544568015e-01 9.999791396e-01 7.609675912e-01
CREM_HOLD 8.270636826e-11 4.544532520e-01 9.999809214e-01 7.378417632e-01
CREM_HOLD 8.296563639e-11 4.544591058e-01 9.999784580e-01 7.266828248e-01
CREM_HOLD 8.322490260e-11 4.544583779e-01 9.999772681e-01 7.529533987e-01
CREM_HOLD 8.348416789e-11 4.544563081e-01 9.999800673e-01 7.571868733e-01
CREM_HOLD 8.374343536e-11 4.544533915e-01 9.999805189e-01 7.299505386e-01
CREM_HOLD 8.400270318e-11 4.544599536e-01 9.999776173e-01 7.326559733e-01
CREM_HOLD 8.426196874e-11 4.544587861e-01 9.999779046e-01 7.591285099e-01
CREM_HOLD 8.452123452e-11 4.544550245e-01 9.999807255e-01 7.498300812e-01
CREM_HOLD 8.478050250e-11 4.544543622e-01 9.999797355e-01 7.254681105e-01
CREM_HOLD 8.503976971e-11 4.544604462e-01 9.999771398e-01 7.413197983e-01
CREM_HOLD 8.529903490e-11 4.544591340e-01 9.999788279e-01 7.612653268e-01
CREM_HOLD 8.555830140e-11 4.544534422e-01 9.999809534e-01 7.407087436e-01
CREM_HOLD 8.581756956e-11 4.544559680e-01 9.999787641e-01 7.256198758e-01
CREM_HOLD 8.607683601e-11 4.544607285e-01 9.999771559e-01 7.503959739e-01
CREM_HOLD 8.633610121e-11 4.544590337e-01 9.999797952e-01 7.588484691e-01
CREM_HOLD 8.659536847e-11 4.544522132e-01 9.999806963e-01 7.321442996e-01
CREM_HOLD 8.685463642e-11 4.544578357e-01 9.999778520e-01 7.303664265e-01
CREM_HOLD 8.711390217e-11 4.544609915e-01 9.999776616e-01 7.575790124e-01
END idx 24 para  stop=none photons=1 nE=nan L=nan e=0.00000 rp/eps=nan n/psi0=0.0000e+00 ET=nan S=1.000000 Gf=0.000000e+00 check=0.000000e+00
BEGIN 24 2
CREM_HOLD 0.000000000e+00 4.530706512e-01 1.000000000e+00 0.000000000e+00
CREM_HOLD 3.039659682e-16 4.530706485e-01 9.999952450e-01 0.000000000e+00
CREM_HOLD 2.550238138e-13 4.530475381e-01 9.999952449e-01 0.000000000e+00
CREM_HOLD 5.100476231e-13 4.529997203e-01 9.999952517e-01 0.000000000e+00
CREM_HOLD 7.647674760e-13 4.529487719e-01 9.999952484e-01 0.000000000e+00
CREM_HOLD 1.019183365e-12 4.529262770e-01 9.999952417e-01 0.000000000e+00
CREM_HOLD 1.273599248e-12 4.528725421e-01 9.999952491e-01 0.000000000e+00
CREM_HOLD 1.528015138e-12 4.528280351e-01 9.999952429e-01 0.000000000e+00
CREM_HOLD 1.782127060e-12 4.528035965e-01 9.999952390e-01 0.000000000e+00
CREM_HOLD 2.036238980e-12 4.527455974e-01 9.999952460e-01 0.000000000e+00
CREM_HOLD 2.290046944e-12 4.527081549e-01 9.999952375e-01 0.000000000e+00
CREM_HOLD 2.543854901e-12 4.526792943e-01 9.999952369e-01 0.000000000e+00
CREM_HOLD 2.797662858e-12 4.526193836e-01 9.999952422e-01 0.000000000e+00
CREM_HOLD 3.051166857e-12 4.525886003e-01 9.999952324e-01 0.000000000e+00
CREM_HOLD 3.304670849e-12 4.525534131e-01 9.999952350e-01 0.000000000e+00
CREM_HOLD 3.558174842e-12 4.524943831e-01 9.999952376e-01 0.000000000e+00
CREM_HOLD 3.811374876e-12 4.524687705e-01 9.999952278e-01 0.000000000e+00
CREM_HOLD 4.064574903e-12 4.524262458e-01 9.999952332e-01 0.000000000e+00
CREM_HOLD 4.317774933e-12 4.523708492e-01 9.999952325e-01 0.000000000e+00
CREM_HOLD 4.570367040e-12 4.523480875e-01 9.999952240e-01 0.000000000e+00
CREM_HOLD 4.823263102e-12 4.522982387e-01 9.999952311e-01 0.000000000e+00
CREM_HOLD 5.075855208e-12 4.522488643e-01 9.999952269e-01 0.000000000e+00
CREM_HOLD 5.328143349e-12 4.522259681e-01 9.999952209e-01 0.000000000e+00
CREM_HOLD 5.580735447e-12 4.521700340e-01 9.999952285e-01 0.000000000e+00
CREM_HOLD 5.833023590e-12 4.521281696e-01 9.999952212e-01 0.000000000e+00
CREM_HOLD 6.085007765e-12 4.521020082e-01 9.999952186e-01 0.000000000e+00
CREM_HOLD 6.337295899e-12 4.520424014e-01 9.999952251e-01 0.000000000e+00
CREM_HOLD 6.588976116e-12 4.520082889e-01 9.999952157e-01 0.000000000e+00
CREM_HOLD 6.840656325e-12 4.519761023e-01 9.999952168e-01 0.000000000e+00
CREM_HOLD 7.092336535e-12 4.519159516e-01 9.999952208e-01 0.000000000e+00
CREM_HOLD 7.343712787e-12 4.518884922e-01 9.999952107e-01 0.000000000e+00
CREM_HOLD 7.595089031e-12 4.518484398e-01 9.999952152e-01 0.000000000e+00
CREM_HOLD 7.846465278e-12 4.517912385e-01 9.999952157e-01 0.000000000e+00
CREM_HOLD 8.097537564e-12 4.517678964e-01 9.999952065e-01 0.000000000e+00
CREM_HOLD 8.348609843e-12 4.517196134e-01 9.999952134e-01 0.000000000e+00
CREM_HOLD 8.599682128e-12 4.516683898e-01 9.999952100e-01 0.000000000e+00
CREM_HOLD 8.850450448e-12 4.516457487e-01 9.999952033e-01 0.000000000e+00
CREM_HOLD 9.101218763e-12 4.515904375e-01 9.999952110e-01 0.000000000e+00
CREM_HOLD 9.351683123e-12 4.515471973e-01 9.999952041e-01 0.000000000e+00
CREM_HOLD 9.602147477e-12 4.515215324e-01 9.999952009e-01 0.000000000e+00
CREM_HOLD 9.852611829e-12 4.514617799e-01 9.999952077e-01 0.000000000e+00
CREM_HOLD 1.010277222e-11 4.514270170e-01 9.999951984e-01 0.000000000e+00
CREM_HOLD 1.035293261e-11 4.513950615e-01 9.999951992e-01 0.000000000e+00
CREM_HOLD 1.060309300e-11 4.513345288e-01 9.999952034e-01 0.000000000e+00
CREM_HOLD 1.085294943e-11 4.513069444e-01 9.999951932e-01 0.000000000e+00
CREM_HOLD 1.110280585e-11 4.512666234e-01 9.999951977e-01 0.000000000e+00
CREM_HOLD 1.135266228e-11 4.512092426e-01 9.999951982e-01 0.000000000e+00
CREM_HOLD 1.160191078e-11 4.511860182e-01 9.999951890e-01 0.000000000e+00
CREM_HOLD 1.185146324e-11 4.511368633e-01 9.999951960e-01 0.000000000e+00
CREM_HOLD 1.210071174e-11 4.510861260e-01 9.999951923e-01 0.000000000e+00
CREM_HOLD 1.234965628e-11 4.510632863e-01 9.999951859e-01 0.000000000e+00
CREM_HOLD 1.259890478e-11 4.510067690e-01 9.999951936e-01 0.000000000e+00
CREM_HOLD 1.284784931e-11 4.509648386e-01 9.999951862e-01 0.000000000e+00
CREM_HOLD 1.309648989e-11 4.509381111e-01 9.999951837e-01 0.000000000e+00
CREM_HOLD 1.334543442e-11 4.508775162e-01 9.999951902e-01 0.000000000e+00
CREM_HOLD 1.359377103e-11 4.508445970e-01 9.999951804e-01 0.000000000e+00
CREM_HOLD 1.384210763e-11 4.508103811e-01 9.999951822e-01 0.000000000e+00
CREM_HOLD 1.409074820e-11 4.507500571e-01 9.999951856e-01 0.000000000e+00
CREM_HOLD 1.433878085e-11 4.507241903e-01 9.999951754e-01 0.000000000e+00
CREM_HOLD 1.458711745e-11 4.506806348e-01 9.999951809e-01 0.000000000e+00
CREM_HOLD 1.483515010e-11 4.506249965e-01 9.999951800e-01 0.000000000e+00
CREM_HOLD 1.508287878e-11 4.506023966e-01 9.999951715e-01 0.000000000e+00
CREM_HOLD 1.533091142e-11 4.505497765e-01 9.999951791e-01 0.000000000e+00
CREM_HOLD 1.557864010e-11 4.505022969e-01 9.999951738e-01 0.000000000e+00
CREM_HOLD 1.582606481e-11 4.504782503e-01 9.999951688e-01 0.000000000e+00
CREM_HOLD 1.607348952e-11 4.504190801e-01 9.999951763e-01 0.000000000e+00
CREM_HOLD 1.632061028e-11 4.503813956e-01 9.999951675e-01 0.000000000e+00
CREM_HOLD 1.656773103e-11 4.503512523e-01 9.999951671e-01 0.000000000e+00
CREM_HOLD 1.681485178e-11 4.502898735e-01 9.999951723e-01 0.000000000e+00
CREM_HOLD 1.706166857e-11 4.502610262e-01 9.999951619e-01 0.000000000e+00
CREM_HOLD 1.730848535e-11 4.502215896e-01 9.999951659e-01 0.000000000e+00
CREM_HOLD 1.755530214e-11 4.501631520e-01 9.999951670e-01 0.000000000e+00
CREM_HOLD 1.780181497e-11 4.501397223e-01 9.999951574e-01 0.000000000e+00
CREM_HOLD 1.804832779e-11 4.500902010e-01 9.999951645e-01 0.000000000e+00
CREM_HOLD 1.829484061e-11 4.500391903e-01 9.999951608e-01 0.000000000e+00
CREM_HOLD 1.854104947e-11 4.500161737e-01 9.999951543e-01 0.000000000e+00
CREM_HOLD 1.878725832e-11 4.499585075e-01 9.999951622e-01 0.000000000e+00
CREM_HOLD 1.903316322e-11 4.499175273e-01 9.999951543e-01 0.000000000e+00
CREM_HOLD 1.927906812e-11 4.498895875e-01 9.999951524e-01 0.000000000e+00
CREM_HOLD 1.952497301e-11 4.498280176e-01 9.999951586e-01 0.000000000e+00
CREM_HOLD 1.977057395e-11 4.497969150e-01 9.999951483e-01 0.000000000e+00
CREM_HOLD 2.001617487e-11 4.497599397e-01 9.999951512e-01 0.000000000e+00
CREM_HOLD 2.026177580e-11 4.497000288e-01 9.999951535e-01 0.000000000e+00
CREM_HOLD 2.050676881e-11 4.496757605e-01 9.999951434e-01 0.000000000e+00
CREM_HOLD 2.075206577e-11 4.496280530e-01 9.999951500e-01 0.000000000e+00
CREM_HOLD 2.099705878e-11 4.495751265e-01 9.999951473e-01 0.000000000e+00
CREM_HOLD 2.124174782e-11 4.495524135e-01 9.999951400e-01 0.000000000e+00
CREM_HOLD 2.148674082e-11 4.494954564e-01 9.999951481e-01 0.000000000e+00
CREM_HOLD 2.173142986e-11 4.494529349e-01 9.999951407e-01 0.000000000e+00
CREM_HOLD 2.197581494e-11 4.494257564e-01 9.999951381e-01 0.000000000e+00
CREM_HOLD 2.222050397e-11 4.493640345e-01 9.999951446e-01 0.000000000e+00
CREM_HOLD 2.246458509e-11 4.493322034e-01 9.999951344e-01 0.000000000e+00
CREM_HOLD 2.270866620e-11 4.492956781e-01 9.999951370e-01 0.000000000e+00
CREM_HOLD 2.295274731e-11 4.492353236e-01 9.999951396e-01 0.000000000e+00
CREM_HOLD 2.319652446e-11 4.492110763e-01 9.999951293e-01 0.000000000e+00
CREM_HOLD 2.344060557e-11 4.491631952e-01 9.999951360e-01 0.000000000e+00
CREM_HOLD 2.368438272e-11 4.491101998e-01 9.999951333e-01 0.000000000e+00
CREM_HOLD 2.392785590e-11 4.490876420e-01 9.999951259e-01 0.000000000e+00
CREM_HOLD 2.417163305e-11 4.490301662e-01 9.999951340e-01 0.000000000e+00
CREM_HOLD 2.441510623e-11 4.489881842e-01 9.999951265e-01 0.000000000e+00
CREM_HOLD 2.465827545e-11 4.489608159e-01 9.999951241e-01 0.000000000e+00
CREM_HOLD 2.490144467e-11 4.488989578e-01 9.999951305e-01 0.000000000e+00
CREM_HOLD 2.514430993e-11 4.488683392e-01 9.999951201e-01 0.000000000e+00
CREM_HOLD 2.538717518e-11 4.488309508e-01 9.999951232e-01 0.000000000e+00
CREM_HOLD 2.563004044e-11 4.487713025e-01 9.999951253e-01 0.000000000e+00
CREM_HOLD 2.587260173e-11 4.487479990e-01 9.999951152e-01 0.000000000e+00
CREM_HOLD 2.611516302e-11 4.486988464e-01 9.999951223e-01 0.000000000e+00
CREM_HOLD 2.635772432e-11 4.486476703e-01 9.999951188e-01 0.000000000e+00
CREM_HOLD 2.659998164e-11 4.486250950e-01 9.999951121e-01 0.000000000e+00
CREM_HOLD 2.684223897e-11 4.485666345e-01 9.999951202e-01 0.000000000e+00
CREM_HOLD 2.708419234e-11 4.485275518e-01 9.999951119e-01 0.000000000e+00
CREM_HOLD 2.732614570e-11 4.484986366e-01 9.999951106e-01 0.000000000e+00
CREM_HOLD 2.756809906e-11 4.484367973e-01 9.999951164e-01 0.000000000e+00
CREM_HOLD 2.780974847e-11 4.484087750e-01 9.999951057e-01 0.000000000e+00
CREM_HOLD 2.805139786e-11 4.483686328e-01 9.999951100e-01 0.000000000e+00
CREM_HOLD 2.829304726e-11 4.483108703e-01 9.999951107e-01 0.000000000e+00
CREM_HOLD 2.853439270e-11 4.482888410e-01 9.999951012e-01 0.000000000e+00
CREM_HOLD 2.877573813e-11 4.482367408e-01 9.999951090e-01 0.000000000e+00
CREM_HOLD 2.901677961e-11 4.481893848e-01 9.999951039e-01 0.000000000e+00
CREM_HOLD 2.925782108e-11 4.481658415e-01 9.999950987e-01 0.000000000e+00
CREM_HOLD 2.949886255e-11 4.481056135e-01 9.999951065e-01 0.000000000e+00
CREM_HOLD 2.973960006e-11 4.480708786e-01 9.999950970e-01 0.000000000e+00
CREM_HOLD 2.998033757e-11 4.480386762e-01 9.999950978e-01 0.000000000e+00
CREM_HOLD 3.022107507e-11 4.479775822e-01 9.999951020e-01 0.000000000e+00
CREM_HOLD 3.046150862e-11 4.479528773e-01 9.999950912e-01 0.000000000e+00
CREM_HOLD 3.070194216e-11 4.479081809e-01 9.999950972e-01 0.000000000e+00
CREM_HOLD 3.094237571e-11 4.478540246e-01 9.999950957e-01 0.000000000e+00
CREM_HOLD 3.118250529e-11 4.478326672e-01 9.999950875e-01 0.000000000e+00
CREM_HOLD 3.142263487e-11 4.477766355e-01 9.999950959e-01 0.000000000e+00
CREM_HOLD 3.166246049e-11 4.477348244e-01 9.999950886e-01 0.000000000e+00
CREM_HOLD 3.190228610e-11 4.477085557e-01 9.999950859e-01 0.000000000e+00
CREM_HOLD 3.214211171e-11 4.476470450e-01 9.999950926e-01 0.000000000e+00
CREM_HOLD 3.238163337e-11 4.476177540e-01 9.999950820e-01 0.000000000e+00
CREM_HOLD 3.262115502e-11 4.475801515e-01 9.999950854e-01 0.000000000e+00
CREM_HOLD 3.286067667e-11 4.475215972e-01 9.999950872e-01 0.000000000e+00
CREM_HOLD 3.309959040e-11 4.475000275e-01 9.999950771e-01 0.000000000e+00
CREM_HOLD 3.333880809e-11 4.474492891e-01 9.999950848e-01 0.000000000e+00
CREM_HOLD 3.357772181e-11 4.474013808e-01 9.999950802e-01 0.000000000e+00
CREM_HOLD 3.381633158e-11 4.473788766e-01 9.999950745e-01 0.000000000e+00
CREM_HOLD 3.405524530e-11 4.473189781e-01 9.999950826e-01 0.000000000e+00
CREM_HOLD 3.429385506e-11 4.472846920e-01 9.999950730e-01 0.000000000e+00
CREM_HOLD 3.453246482e-11 4.472527642e-01 9.999950738e-01 0.000000000e+00
CREM_HOLD 3.477107458e-11 4.471920075e-01 9.999950781e-01 0.000000000e+00
CREM_HOLD 3.500938038e-11 4.471682986e-01 9.999950672e-01 0.000000000e+00
CREM_HOLD 3.524768617e-11 4.471229021e-01 9.999950736e-01 0.000000000e+00
CREM_HOLD 3.548568801e-11 4.470702900e-01 9.999950715e-01 0.000000000e+00
CREM_HOLD 3.572338588e-11 4.470495132e-01 9.999950637e-01 0.000000000e+00
CREM_HOLD 3.596138771e-11 4.469923335e-01 9.999950723e-01 0.000000000e+00
CREM_HOLD 3.619908558e-11 4.469532901e-01 9.999950641e-01 0.000000000e+00
CREM_HOLD 3.643678345e-11 4.469256623e-01 9.999950625e-01 0.000000000e+00
CREM_HOLD 3.667448132e-11 4.468642246e-01 9.999950686e-01 0.000000000e+00
CREM_HOLD 3.691187522e-11 4.468378707e-01 9.999950576e-01 0.000000000e+00
CREM_HOLD 3.714926913e-11 4.467971785e-01 9.999950624e-01 0.000000000e+00
CREM_HOLD 3.738666303e-11 4.467411225e-01 9.999950626e-01 0.000000000e+00
CREM_HOLD 3.762344901e-11 4.467207784e-01 9.999950533e-01 0.000000000e+00
CREM_HOLD 3.786053895e-11 4.466666812e-01 9.999950617e-01 0.000000000e+00
CREM_HOLD 3.809732493e-11 4.466235965e-01 9.999950552e-01 0.000000000e+00
CREM_HOLD 3.833411091e-11 4.465989704e-01 9.999950516e-01 0.000000000e+00
CREM_HOLD 3.857089688e-11 4.465378239e-01 9.999950589e-01 0.000000000e+00
CREM_HOLD 3.880737890e-11 4.465087619e-01 9.999950482e-01 0.000000000e+00
CREM_HOLD 3.904386091e-11 4.464719056e-01 9.999950515e-01 0.000000000e+00
CREM_HOLD 3.928034292e-11 4.464137501e-01 9.999950534e-01 0.000000000e+00
CREM_HOLD 3.951621701e-11 4.463931206e-01 9.999950432e-01 0.000000000e+00
CREM_HOLD 3.975239506e-11 4.463418279e-01 9.999950512e-01 0.000000000e+00
CREM_HOLD 3.998826915e-11 4.462957247e-01 9.999950460e-01 0.000000000e+00
CREM_HOLD 4.022414323e-11 4.462729989e-01 9.999950410e-01 0.000000000e+00
CREM_HOLD 4.046001732e-11 4.462125690e-01 9.999950490e-01 0.000000000e+00
CREM_HOLD 4.069558744e-11 4.461812745e-01 9.999950387e-01 0.000000000e+00
CREM_HOLD 4.093115756e-11 4.461471844e-01 9.999950408e-01 0.000000000e+00
CREM_HOLD 4.116672768e-11 4.460878466e-01 9.999950439e-01 0.000000000e+00
CREM_HOLD 4.140199384e-11 4.460665542e-01 9.999950332e-01 0.000000000e+00
CREM_HOLD 4.163726000e-11 4.460175027e-01 9.999950408e-01 0.000000000e+00
CREM_HOLD 4.187222219e-11 4.459693313e-01 9.999950367e-01 0.000000000e+00
CREM_HOLD 4.210718439e-11 4.459477636e-01 9.999950306e-01 0.000000000e+00
CREM_HOLD 4.234214658e-11 4.458880739e-01 9.999950390e-01 0.000000000e+00
CREM_HOLD 4.257680482e-11 4.458552139e-01 9.999950291e-01 0.000000000e+00
CREM_HOLD 4.281146304e-11 4.458229409e-01 9.999950303e-01 0.000000000e+00
CREM_HOLD 4.304612127e-11 4.457630051e-01 9.999950343e-01 0.000000000e+00
CREM_HOLD 4.328047554e-11 4.457413465e-01 9.999950233e-01 0.000000000e+00
CREM_HOLD 4.351482980e-11 4.456936705e-01 9.999950306e-01 0.000000000e+00
CREM_HOLD 4.374918407e-11 4.456442642e-01 9.999950271e-01 0.000000000e+00
CREM_HOLD 4.398323438e-11 4.456233491e-01 9.999950204e-01 0.000000000e+00
CREM_HOLD 4.421728468e-11 4.455641508e-01 9.999950290e-01 0.000000000e+00
CREM_HOLD 4.445103102e-11 4.455305387e-01 9.999950193e-01 0.000000000e+00
CREM_HOLD 4.468477736e-11 4.454991814e-01 9.999950202e-01 0.000000000e+00
CREM_HOLD 4.491852369e-11 4.454390433e-01 9.999950245e-01 0.000000000e+00
CREM_HOLD 4.515196607e-11 4.454173420e-01 9.999950133e-01 0.000000000e+00
CREM_HOLD 4.538540844e-11 4.453701642e-01 9.999950205e-01 0.000000000e+00
CREM_HOLD 4.561885082e-11 4.453205651e-01 9.999950173e-01 0.000000000e+00
CREM_HOLD 4.585198923e-11 4.452999073e-01 9.999950104e-01 0.000000000e+00
CREM_HOLD 4.608512764e-11 4.452407573e-01 9.999950191e-01 0.000000000e+00
CREM_HOLD 4.631796209e-11 4.452073793e-01 9.999950094e-01 0.000000000e+00
CREM_HOLD 4.655079654e-11 4.451759638e-01 9.999950103e-01 0.000000000e+00
CREM_HOLD 4.678363099e-11 4.451159740e-01 9.999950145e-01 0.000000000e+00
CREM_HOLD 4.701616147e-11 4.450946796e-01 9.999950034e-01 0.000000000e+00
CREM_HOLD 4.724869195e-11 4.450469799e-01 9.999950108e-01 0.000000000e+00
CREM_HOLD 4.748122244e-11 4.449981525e-01 9.999950072e-01 0.000000000e+00
CREM_HOLD 4.771344896e-11 4.449773720e-01 9.999950006e-01 0.000000000e+00
CREM_HOLD 4.794597944e-11 4.449177285e-01 9.999950093e-01 0.000000000e+00
CREM_HOLD 4.817790200e-11 4.448854896e-01 9.999949993e-01 0.000000000e+00
CREM_HOLD 4.840982455e-11 4.448531037e-01 9.999950007e-01 0.000000000e+00
CREM_HOLD 4.864174711e-11 4.447936321e-01 9.999950044e-01 0.000000000e+00
CREM_HOLD 4.887336571e-11 4.447730949e-01 9.999949934e-01 0.000000000e+00
CREM_HOLD 4.910528826e-11 4.447239010e-01 9.999950012e-01 0.000000000e+00
CREM_HOLD 4.933690685e-11 4.446766767e-01 9.999949968e-01 0.000000000e+00
CREM_HOLD 4.956822148e-11 4.446553492e-01 9.999949910e-01 0.000000000e+00
CREM_HOLD 4.979984007e-11 4.445950471e-01 9.999949995e-01 0.000000000e+00
CREM_HOLD 5.003085074e-11 4.445648133e-01 9.999949889e-01 0.000000000e+00
CREM_HOLD 5.026186140e-11 4.445304625e-01 9.999949913e-01 0.000000000e+00
CREM_HOLD 5.049317603e-11 4.444719390e-01 9.999949942e-01 0.000000000e+00
CREM_HOLD 5.072388273e-11 4.444522916e-01 9.999949834e-01 0.000000000e+00
CREM_HOLD 5.095489339e-11 4.444009374e-01 9.999949918e-01 0.000000000e+00
CREM_HOLD 5.118560009e-11 4.443563363e-01 9.999949863e-01 0.000000000e+00
CREM_HOLD 5.141600283e-11 4.443337674e-01 9.999949816e-01 0.000000000e+00
CREM_HOLD 5.164670953e-11 4.442727657e-01 9.999949896e-01 0.000000000e+00
CREM_HOLD 5.187711227e-11 4.442451121e-01 9.999949785e-01 0.000000000e+00
CREM_HOLD 5.210751500e-11 4.442077577e-01 9.999949822e-01 0.000000000e+00
CREM_HOLD 5.233791774e-11 4.441510129e-01 9.999949837e-01 0.000000000e+00
CREM_HOLD 5.256771255e-11 4.441320914e-01 9.999949736e-01 0.000000000e+00
CREM_HOLD 5.279781132e-11 4.440780157e-01 9.999949825e-01 0.000000000e+00
CREM_HOLD 5.302760613e-11 4.440370253e-01 9.999949754e-01 0.000000000e+00
CREM_HOLD 5.325740094e-11 4.440121857e-01 9.999949724e-01 0.000000000e+00
CREM_HOLD 5.348719575e-11 4.439508633e-01 9.999949795e-01 0.000000000e+00
CREM_HOLD 5.371668660e-11 4.439262637e-01 9.999949680e-01 0.000000000e+00
CREM_HOLD 5.394617744e-11 4.438849673e-01 9.999949734e-01 0.000000000e+00
CREM_HOLD 5.417566828e-11 4.438311393e-01 9.999949729e-01 0.000000000e+00
CREM_HOLD 5.440485517e-11 4.438122235e-01 9.999949639e-01 0.000000000e+00
CREM_HOLD 5.463404204e-11 4.437551938e-01 9.999949731e-01 0.000000000e+00
CREM_HOLD 5.486292497e-11 4.437187697e-01 9.999949644e-01 0.000000000e+00
CREM_HOLD 5.509180788e-11 4.436904999e-01 9.999949636e-01 0.000000000e+00
CREM_HOLD 5.532069080e-11 4.436297225e-01 9.999949692e-01 0.000000000e+00
CREM_HOLD 5.554926976e-11 4.436082069e-01 9.999949576e-01 0.000000000e+00
CREM_HOLD 5.577784871e-11 4.435619732e-01 9.999949647e-01 0.000000000e+00
CREM_HOLD 5.600642766e-11 4.435125292e-01 9.999949617e-01 0.000000000e+00
CREM_HOLD 5.623470266e-11 4.434925168e-01 9.999949547e-01 0.000000000e+00
CREM_HOLD 5.646328160e-11 4.434326930e-01 9.999949637e-01 0.000000000e+00
CREM_HOLD 5.669125264e-11 4.434016608e-01 9.999949533e-01 0.000000000e+00
CREM_HOLD 5.691922366e-11 4.433683766e-01 9.999949552e-01 0.000000000e+00
CREM_HOLD 5.714719469e-11 4.433096764e-01 9.999949585e-01 0.000000000e+00
CREM_HOLD 5.737486175e-11 4.432905405e-01 9.999949475e-01 0.000000000e+00
CREM_HOLD 5.760283277e-11 4.432387469e-01 9.999949561e-01 0.000000000e+00
CREM_HOLD 5.783049984e-11 4.431952039e-01 9.999949502e-01 0.000000000e+00
CREM_HOLD 5.805786294e-11 4.431722462e-01 9.999949459e-01 0.000000000e+00
CREM_HOLD 5.828553000e-11 4.431108715e-01 9.999949538e-01 0.000000000e+00
CREM_HOLD 5.851258914e-11 4.430854602e-01 9.999949422e-01 0.000000000e+00
CREM_HOLD 5.873995223e-11 4.430455406e-01 9.999949471e-01 0.000000000e+00
CREM_HOLD 5.896701137e-11 4.429910107e-01 9.999949472e-01 0.000000000e+00
CREM_HOLD 5.919376654e-11 4.429725689e-01 9.999949379e-01 0.000000000e+00
CREM_HOLD 5.942082567e-11 4.429155760e-01 9.999949472e-01 0.000000000e+00
CREM_HOLD 5.964758085e-11 4.428793241e-01 9.999949385e-01 0.000000000e+00
CREM_HOLD 5.987433602e-11 4.428509683e-01 9.999949377e-01 0.000000000e+00
CREM_HOLD 6.010109119e-11 4.427901978e-01 9.999949433e-01 0.000000000e+00
CREM_HOLD 6.032754240e-11 4.427693941e-01 9.999949315e-01 0.000000000e+00
CREM_HOLD 6.055399360e-11 4.427220184e-01 9.999949390e-01 0.000000000e+00
CREM_HOLD 6.078014085e-11 4.426740380e-01 9.999949354e-01 0.000000000e+00
CREM_HOLD 6.100628809e-11 4.426535555e-01 9.999949290e-01 0.000000000e+00
CREM_HOLD 6.123243533e-11 4.425929181e-01 9.999949378e-01 0.000000000e+00
CREM_HOLD 6.145827862e-11 4.425643256e-01 9.999949268e-01 0.000000000e+00
CREM_HOLD 6.168412189e-11 4.425283812e-01 9.999949300e-01 0.000000000e+00
CREM_HOLD 6.190996517e-11 4.424712715e-01 9.999949320e-01 0.000000000e+00
CREM_HOLD 6.213550449e-11 4.424529691e-01 9.999949215e-01 0.000000000e+00
CREM_HOLD 6.236104380e-11 4.423981958e-01 9.999949308e-01 0.000000000e+00
CREM_HOLD 6.258658312e-11 4.423588174e-01 9.999949232e-01 0.000000000e+00
CREM_HOLD 6.281181847e-11 4.423330149e-01 9.999949209e-01 0.000000000e+00
CREM_HOLD 6.303705382e-11 4.422716422e-01 9.999949276e-01 0.000000000e+00
CREM_HOLD 6.326198522e-11 4.422497969e-01 9.999949156e-01 0.000000000e+00
CREM_HOLD 6.348722056e-11 4.422045267e-01 9.999949225e-01 0.000000000e+00
CREM_HOLD 6.371215195e-11 4.421545697e-01 9.999949199e-01 0.000000000e+00
CREM_HOLD 6.393677938e-11 4.421350585e-01 9.999949125e-01 0.000000000e+00
CREM_HOLD 6.416171077e-11 4.420748311e-01 9.999949218e-01 0.000000000e+00
CREM_HOLD 6.438633819e-11 4.420449362e-01 9.999949110e-01 0.000000000e+00
CREM_HOLD 6.461096561e-11 4.420103975e-01 9.999949135e-01 0.000000000e+00
CREM_HOLD 6.483559304e-11 4.419524257e-01 9.999949162e-01 0.000000000e+00
CREM_HOLD 6.505961254e-11 4.419342293e-01 9.999949053e-01 0.000000000e+00
CREM_HOLD 6.528393600e-11 4.418799942e-01 9.999949146e-01 0.000000000e+00
CREM_HOLD 6.550795550e-11 4.418400141e-01 9.999949073e-01 0.000000000e+00
CREM_HOLD 6.573197499e-11 4.418146373e-01 9.999949046e-01 0.000000000e+00
CREM_HOLD 6.595599449e-11 4.417530724e-01 9.999949116e-01 0.000000000e+00
CREM_HOLD 6.617971002e-11 4.417312283e-01 9.999948995e-01 0.000000000e+00
CREM_HOLD 6.640342555e-11 4.416859483e-01 9.999949064e-01 0.000000000e+00
CREM_HOLD 6.662714109e-11 4.416361227e-01 9.999949038e-01 0.000000000e+00
CREM_HOLD 6.685055266e-11 4.416165800e-01 9.999948964e-01 0.000000000e+00
CREM_HOLD 6.707396422e-11 4.415560567e-01 9.999949057e-01 0.000000000e+00
CREM_HOLD 6.729707184e-11 4.415270387e-01 9.999948947e-01 0.000000000e+00
CREM_HOLD 6.752017944e-11 4.414914989e-01 9.999948977e-01 0.000000000e+00
CREM_HOLD 6.774328704e-11 4.414342573e-01 9.999948999e-01 0.000000000e+00
CREM_HOLD 6.796609069e-11 4.414163225e-01 9.999948892e-01 0.000000000e+00
CREM_HOLD 6.818919829e-11 4.413607083e-01 9.999948988e-01 0.000000000e+00
CREM_HOLD 6.841200194e-11 4.413225944e-01 9.999948907e-01 0.000000000e+00
CREM_HOLD 6.863450161e-11 4.412957311e-01 9.999948890e-01 0.000000000e+00
CREM_HOLD 6.885730525e-11 4.412344003e-01 9.999948953e-01 0.000000000e+00
CREM_HOLD 6.907950097e-11 4.412140301e-01 9.999948831e-01 0.000000000e+00
CREM_HOLD 6.930200065e-11 4.411660908e-01 9.999948909e-01 0.000000000e+00
CREM_HOLD 6.952419636e-11 4.411189336e-01 9.999948869e-01 0.000000000e+00
CREM_HOLD 6.974608812e-11 4.410981688e-01 9.999948808e-01 0.000000000e+00
CREM_HOLD 6.996828383e-11 4.410366034e-01 9.999948897e-01 0.000000000e+00
CREM_HOLD 7.019017558e-11 4.410105733e-01 9.999948780e-01 0.000000000e+00
CREM_HOLD 7.041206733e-11 4.409713280e-01 9.999948825e-01 0.000000000e+00
CREM_HOLD 7.063395908e-11 4.409165679e-01 9.999948830e-01 0.000000000e+00
CREM_HOLD 7.085554687e-11 4.408986020e-01 9.999948733e-01 0.000000000e+00
CREM_HOLD 7.107713465e-11 4.408402468e-01 9.999948831e-01 0.000000000e+00
CREM_HOLD 7.129841848e-11 4.408066111e-01 9.999948735e-01 0.000000000e+00
CREM_HOLD 7.151970230e-11 4.407757011e-01 9.999948740e-01 0.000000000e+00
CREM_HOLD 7.174098612e-11 4.407158751e-01 9.999948785e-01 0.000000000e+00
CREM_HOLD 7.196196599e-11 4.406974499e-01 9.999948667e-01 0.000000000e+00
CREM_HOLD 7.218294584e-11 4.406447554e-01 9.999948758e-01 0.000000000e+00
CREM_HOLD 7.240392570e-11 4.406029628e-01 9.999948693e-01 0.000000000e+00
CREM_HOLD 7.262460160e-11 4.405787785e-01 9.999948658e-01 0.000000000e+00
CREM_HOLD 7.284527749e-11 4.405167866e-01 9.999948733e-01 0.000000000e+00
CREM_HOLD 7.306564943e-11 4.404951213e-01 9.999948609e-01 0.000000000e+00
CREM_HOLD 7.328632532e-11 4.404494488e-01 9.999948680e-01 0.000000000e+00
CREM_HOLD 7.350669726e-11 4.404001267e-01 9.999948652e-01 0.000000000e+00
CREM_HOLD 7.372676523e-11 4.403804092e-01 9.999948580e-01 0.000000000e+00
CREM_HOLD 7.394713715e-11 4.403189805e-01 9.999948674e-01 0.000000000e+00
CREM_HOLD 7.416720513e-11 4.402919047e-01 9.999948558e-01 0.000000000e+00
CREM_HOLD 7.438727309e-11 4.402537834e-01 9.999948598e-01 0.000000000e+00
CREM_HOLD 7.460734106e-11 4.401982050e-01 9.999948609e-01 0.000000000e+00
CREM_HOLD 7.482680110e-11 4.401805387e-01 9.999948508e-01 0.000000000e+00
CREM_HOLD 7.504656510e-11 4.401220968e-01 9.999948608e-01 0.000000000e+00
CREM_HOLD 7.526602515e-11 4.400885125e-01 9.999948511e-01 0.000000000e+00
CREM_HOLD 7.548548519e-11 4.400573534e-01 9.999948516e-01 0.000000000e+00
CREM_HOLD 7.570494523e-11 4.399975569e-01 9.999948561e-01 0.000000000e+00
CREM_HOLD 7.592410131e-11 4.399794803e-01 9.999948443e-01 0.000000000e+00
CREM_HOLD 7.614325738e-11 4.399257106e-01 9.999948536e-01 0.000000000e+00
CREM_HOLD 7.636210950e-11 4.398853621e-01 9.999948466e-01 0.000000000e+00
CREM_HOLD 7.658096161e-11 4.398599497e-01 9.999948437e-01 0.000000000e+00
CREM_HOLD 7.679981373e-11 4.397979702e-01 9.999948508e-01 0.000000000e+00
CREM_HOLD 7.701836188e-11 4.397776590e-01 9.999948383e-01 0.000000000e+00
CREM_HOLD 7.723721399e-11 4.397293958e-01 9.999948461e-01 0.000000000e+00
CREM_HOLD 7.745576214e-11 4.396826230e-01 9.999948421e-01 0.000000000e+00
CREM_HOLD 7.767400633e-11 4.396614862e-01 9.999948360e-01 0.000000000e+00
CREM_HOLD 7.789255447e-11 4.395991768e-01 9.999948450e-01 0.000000000e+00
CREM_HOLD 7.811049470e-11 4.395751168e-01 9.999948327e-01 0.000000000e+00
CREM_HOLD 7.832873889e-11 4.395328345e-01 9.999948384e-01 0.000000000e+00
CREM_HOLD 7.854667911e-11 4.394805511e-01 9.999948374e-01 0.000000000e+00
CREM_HOLD 7.876431537e-11 4.394620366e-01 9.999948288e-01 0.000000000e+00
CREM_HOLD 7.898225559e-11 4.394010223e-01 9.999948387e-01 0.000000000e+00
CREM_HOLD 7.919989185e-11 4.393723415e-01 9.999948275e-01 0.000000000e+00
CREM_HOLD 7.941752811e-11 4.393357854e-01 9.999948306e-01 0.000000000e+00
CREM_HOLD 7.963516437e-11 4.392790996e-01 9.999948325e-01 0.000000000e+00
CREM_HOLD 7.985249667e-11 4.392616313e-01 9.999948219e-01 0.000000000e+00
CREM_HOLD 8.006982896e-11 4.392032067e-01 9.999948321e-01 0.000000000e+00
CREM_HOLD 8.028685729e-11 4.391694644e-01 9.999948224e-01 0.000000000e+00
CREM_HOLD 8.050388562e-11 4.391381193e-01 9.999948229e-01 0.000000000e+00
CREM_HOLD 8.072091395e-11 4.390782975e-01 9.999948273e-01 0.000000000e+00
CREM_HOLD 8.093763833e-11 4.390606016e-01 9.999948154e-01 0.000000000e+00
CREM_HOLD 8.115466665e-11 4.390055000e-01 9.999948252e-01 0.000000000e+00
CREM_HOLD 8.137139102e-11 4.389666573e-01 9.999948174e-01 0.000000000e+00
CREM_HOLD 8.158781143e-11 4.389397681e-01 9.999948153e-01 0.000000000e+00
CREM_HOLD 8.180453579e-11 4.388779349e-01 9.999948218e-01 0.000000000e+00
CREM_HOLD 8.202065224e-11 4.388589217e-01 9.999948092e-01 0.000000000e+00
CREM_HOLD 8.223707264e-11 4.388077086e-01 9.999948180e-01 0.000000000e+00
CREM_HOLD 8.245318908e-11 4.387641288e-01 9.999948124e-01 0.000000000e+00
CREM_HOLD 8.266930552e-11 4.387407240e-01 9.999948079e-01 0.000000000e+00
CREM_HOLD 8.288542196e-11 4.386779907e-01 9.999948161e-01 0.000000000e+00
CREM_HOLD 8.310123444e-11 4.386568186e-01 9.999948033e-01 0.000000000e+00
CREM_HOLD 8.331704691e-11 4.386096864e-01 9.999948107e-01 0.000000000e+00
CREM_HOLD 8.353285939e-11 4.385617363e-01 9.999948073e-01 0.000000000e+00
CREM_HOLD 8.374836790e-11 4.385410261e-01 9.999948007e-01 0.000000000e+00
CREM_HOLD 8.396387641e-11 4.384782822e-01 9.999948100e-01 0.000000000e+00
CREM_HOLD 8.417908097e-11 4.384545251e-01 9.999947975e-01 0.000000000e+00
CREM_HOLD 8.439428552e-11 4.384112976e-01 9.999948035e-01 0.000000000e+00
CREM_HOLD 8.460949007e-11 4.383597527e-01 9.999948021e-01 0.000000000e+00
CREM_HOLD 8.482439065e-11 4.383408056e-01 9.999947938e-01 0.000000000e+00
CREM_HOLD 8.503959520e-11 4.382786787e-01 9.999948038e-01 0.000000000e+00
CREM_HOLD 8.525419183e-11 4.382521626e-01 9.999947918e-01 0.000000000e+00
CREM_HOLD 8.546909241e-11 4.382125018e-01 9.999947962e-01 0.000000000e+00
CREM_HOLD 8.568368903e-11 4.381579548e-01 9.999947967e-01 0.000000000e+00
CREM_HOLD 8.589798169e-11 4.381401066e-01 9.999947870e-01 0.000000000e+00
CREM_HOLD 8.611257831e-11 4.380790357e-01 9.999947974e-01 0.000000000e+00
CREM_HOLD 8.632687098e-11 4.380497162e-01 9.999947861e-01 0.000000000e+00
CREM_HOLD 8.654116363e-11 4.380132475e-01 9.999947890e-01 0.000000000e+00
CREM_HOLD 8.675545629e-11 4.379562989e-01 9.999947911e-01 0.000000000e+00
CREM_HOLD 8.696944499e-11 4.379389625e-01 9.999947804e-01 0.000000000e+00
CREM_HOLD 8.718343368e-11 4.378792703e-01 9.999947908e-01 0.000000000e+00
CREM_HOLD 8.739711841e-11 4.378472346e-01 9.999947805e-01 0.000000000e+00
CREM_HOLD 8.761080314e-11 4.378135535e-01 9.999947819e-01 0.000000000e+00
CREM_HOLD 8.782448787e-11 4.377547781e-01 9.999947854e-01 0.000000000e+00
CREM_HOLD 8.803786865e-11 4.377375877e-01 9.999947739e-01 0.000000000e+00
CREM_HOLD 8.825155337e-11 4.376792766e-01 9.999947842e-01 0.000000000e+00
CREM_HOLD 8.846493414e-11 4.376447455e-01 9.999947747e-01 0.000000000e+00
CREM_HOLD 8.867801094e-11 4.376134283e-01 9.999947749e-01 0.000000000e+00
CREM_HOLD 8.889139171e-11 4.375532157e-01 9.999947796e-01 0.000000000e+00
CREM_HOLD 8.910416456e-11 4.375358983e-01 9.999947674e-01 0.000000000e+00
CREM_HOLD 8.931724135e-11 4.374790052e-01 9.999947776e-01 0.000000000e+00
CREM_HOLD 8.953001420e-11 4.374423544e-01 9.999947690e-01 0.000000000e+00
CREM_HOLD 8.974278704e-11 4.374128898e-01 9.999947680e-01 0.000000000e+00
CREM_HOLD 8.995555988e-11 4.373516512e-01 9.999947736e-01 0.000000000e+00
CREM_HOLD 9.016802876e-11 4.373339991e-01 9.999947611e-01 0.000000000e+00
CREM_HOLD 9.038049763e-11 4.372784139e-01 9.999947710e-01 0.000000000e+00
CREM_HOLD 9.059266255e-11 4.372399644e-01 9.999947631e-01 0.000000000e+00
CREM_HOLD 9.080482746e-11 4.372119476e-01 9.999947613e-01 0.000000000e+00
CREM_HOLD 9.101699237e-11 4.371500115e-01 9.999947675e-01 0.000000000e+00
CREM_HOLD 9.122885332e-11 4.371320601e-01 9.999947547e-01 0.000000000e+00
CREM_HOLD 9.144101823e-11 4.370774334e-01 9.999947644e-01 0.000000000e+00
CREM_HOLD 9.165287918e-11 4.370375669e-01 9.999947571e-01 0.000000000e+00
CREM_HOLD 9.186443617e-11 4.370106392e-01 9.999947546e-01 0.000000000e+00
CREM_HOLD 9.207629712e-11 4.369481820e-01 9.999947614e-01 0.000000000e+00
CREM_HOLD 9.228755014e-11 4.369299210e-01 9.999947484e-01 0.000000000e+00
CREM_HOLD 9.249910712e-11 4.368760689e-01 9.999947579e-01 0.000000000e+00
CREM_HOLD 9.271036015e-11 4.368352390e-01 9.999947510e-01 0.000000000e+00
CREM_HOLD 9.292161317e-11 4.368089806e-01 9.999947480e-01 0.000000000e+00
CREM_HOLD 9.313286619e-11 4.367461879e-01 9.999947551e-01 0.000000000e+00
CREM_HOLD 9.334381525e-11 4.367276662e-01 9.999947420e-01 0.000000000e+00
CREM_HOLD 9.355476431e-11 4.366743064e-01 9.999947514e-01 0.000000000e+00
CREM_HOLD 9.376571337e-11 4.366327922e-01 9.999947448e-01 0.000000000e+00
CREM_HOLD 9.397635846e-11 4.366069831e-01 9.999947414e-01 0.000000000e+00
CREM_HOLD 9.418700356e-11 4.365439725e-01 9.999947488e-01 0.000000000e+00
CREM_HOLD 9.439734469e-11 4.365253702e-01 9.999947356e-01 0.000000000e+00
CREM_HOLD 9.460798978e-11 4.364721318e-01 9.999947450e-01 0.000000000e+00
END idx 24 ortho stop=none photons=1 nE=nan L=nan e=0.00000 rp/eps=nan n/psi0=0.0000e+00 ET=nan S=1.000000 Gf=0.000000e+00 check=0.000000e+00
