BEGIN 34 1
CREM_HOLD 0.000000000e+00 8.482636471e-01 1.000000000e+00 7.359375999e-01
CREM_HOLD 3.039659688e-16 8.482636472e-01 9.999957617e-01 7.359203411e-01
CREM_HOLD 7.193567142e-12 8.482593362e-01 9.999957613e-01 8.089707450e-01
CREM_HOLD 1.438652635e-11 8.482522563e-01 9.999969581e-01 8.975122751e-01
CREM_HOLD 2.157920742e-11 8.482453374e-01 9.999984087e-01 9.625480590e-01
CREM_HOLD 2.877131186e-11 8.482408415e-01 9.999994743e-01 9.898458043e-01
CREM_HOLD 3.596343929e-11 8.482403072e-01 9.999999216e-01 9.771194275e-01
CREM_HOLD 4.315557637e-11 8.482446285e-01 9.999997131e-01 9.251441337e-01
CREM_HOLD 5.034801292e-11 8.482535549e-01 9.999988615e-01 8.420769900e-01
CREM_HOLD 5.754073506e-11 8.482637247e-01 9.999975006e-01 7.573130939e-01
CREM_HOLD 6.473403576e-11 8.482693995e-01 9.999961120e-01 7.208764102e-01
CREM_HOLD 7.192761046e-11 8.482671907e-01 9.999955151e-01 7.601271422e-01
CREM_HOLD 7.912086831e-11 8.482586985e-01 9.999961581e-01 8.456945906e-01
CREM_HOLD 8.631383608e-11 8.482483201e-01 9.999975599e-01 9.278763720e-01
CREM_HOLD 9.350622617e-11 8.482408269e-01 9.999989063e-01 9.783703472e-01
CREM_HOLD 1.006983413e-10 8.482389375e-01 9.999997337e-01 9.895275293e-01
CREM_HOLD 1.078904744e-10 8.482434009e-01 9.999999165e-01 9.606729525e-01
CREM_HOLD 1.150826114e-10 8.482529511e-01 9.999994437e-01 8.942546649e-01
CREM_HOLD 1.222753461e-10 8.482639808e-01 9.999983556e-01 8.053538571e-01
CREM_HOLD 1.294686652e-10 8.482712205e-01 9.999968991e-01 7.340278927e-01
CREM_HOLD 1.366622569e-10 8.482704303e-01 9.999957307e-01 7.281221568e-01
CREM_HOLD 1.438558234e-10 8.482620846e-01 9.999956339e-01 7.921719859e-01
CREM_HOLD 1.510490838e-10 8.482514107e-01 9.999966832e-01 8.815681721e-01
CREM_HOLD 1.582417589e-10 8.482438316e-01 9.999981477e-01 9.528478802e-01
CREM_HOLD 1.654341617e-10 8.482417610e-01 9.999993156e-01 9.877105051e-01
CREM_HOLD 1.726262857e-10 8.482450061e-01 9.999998868e-01 9.826468406e-01
CREM_HOLD 1.798184220e-10 8.482520283e-01 9.999998039e-01 9.379050258e-01
CREM_HOLD 1.870108605e-10 8.482606354e-01 9.999990708e-01 8.592943330e-01
CREM_HOLD 1.942038912e-10 8.482676681e-01 9.999977830e-01 7.712891379e-01
CREM_HOLD 2.013971980e-10 8.482696804e-01 9.999963412e-01 7.220227889e-01
CREM_HOLD 2.085907776e-10 8.482659150e-01 9.999955341e-01 7.475572398e-01
CREM_HOLD 2.157843398e-10 8.482589795e-01 9.999959524e-01 8.283534742e-01
CREM_HOLD 2.229773032e-10 8.482523876e-01 9.999972760e-01 9.142341598e-01
CREM_HOLD 2.301699911e-10 8.482484603e-01 9.999986831e-01 9.717518926e-01
CREM_HOLD 2.373624054e-10 8.482477690e-01 9.999996255e-01 9.904949186e-01
CREM_HOLD 2.445545361e-10 8.482498118e-01 9.999999326e-01 9.691565492e-01
CREM_HOLD 2.517469774e-10 8.482544168e-01 9.999995830e-01 9.092712056e-01
CREM_HOLD 2.589397151e-10 8.482610524e-01 9.999986018e-01 8.223532437e-01
CREM_HOLD 2.661327356e-10 8.482674825e-01 9.999971779e-01 7.436198181e-01
CREM_HOLD 2.733263333e-10 8.482702780e-01 9.999958880e-01 7.231175030e-01
CREM_HOLD 2.805199032e-10 8.482677149e-01 9.999955522e-01 7.765355278e-01
CREM_HOLD 2.877134658e-10 8.482613695e-01 9.999964273e-01 8.651843857e-01
CREM_HOLD 2.949064394e-10 8.482541256e-01 9.999978796e-01 9.420011491e-01
CREM_HOLD 3.020991403e-10 8.482485083e-01 9.999991381e-01 9.841997097e-01
CREM_HOLD 3.092915644e-10 8.482462900e-01 9.999998295e-01 9.866492142e-01
CREM_HOLD 3.164840035e-10 8.482490607e-01 9.999998697e-01 9.492049081e-01
CREM_HOLD 3.236764434e-10 8.482568091e-01 9.999992562e-01 8.758567789e-01
CREM_HOLD 3.308694781e-10 8.482671411e-01 9.999980545e-01 7.864702834e-01
CREM_HOLD 3.380630947e-10 8.482750302e-01 9.999965902e-01 7.260031835e-01
CREM_HOLD 3.452569837e-10 8.482757340e-01 9.999955996e-01 7.371877105e-01
CREM_HOLD 3.524508513e-10 8.482688303e-01 9.999957829e-01 8.113708852e-01
CREM_HOLD 3.596444189e-10 8.482582446e-01 9.999969981e-01 8.996846329e-01
CREM_HOLD 3.668374048e-10 8.482491246e-01 9.999984450e-01 9.638183005e-01
CREM_HOLD 3.740298139e-10 8.482450304e-01 9.999994957e-01 9.900340954e-01
CREM_HOLD 3.812222458e-10 8.482472235e-01 9.999999253e-01 9.761940905e-01
CREM_HOLD 3.884146869e-10 8.482550649e-01 9.999996985e-01 9.231421412e-01
CREM_HOLD 3.956074271e-10 8.482661672e-01 9.999988293e-01 8.394267029e-01
CREM_HOLD 4.028007565e-10 8.482756271e-01 9.999974579e-01 7.552937598e-01
CREM_HOLD 4.099946642e-10 8.482780424e-01 9.999960796e-01 7.209343003e-01
CREM_HOLD 4.171885422e-10 8.482721749e-01 9.999955168e-01 7.622495426e-01
CREM_HOLD 4.243821040e-10 8.482620607e-01 9.999961935e-01 8.484235990e-01
CREM_HOLD 4.315753765e-10 8.482530574e-01 9.999976053e-01 9.299512922e-01
CREM_HOLD 4.387680716e-10 8.482488935e-01 9.999989410e-01 9.793120996e-01
CREM_HOLD 4.459604914e-10 8.482502485e-01 9.999997497e-01 9.892335993e-01
CREM_HOLD 4.531529288e-10 8.482560795e-01 9.999999123e-01 9.591081740e-01
CREM_HOLD 4.603456736e-10 8.482642798e-01 9.999994187e-01 8.916049511e-01
CREM_HOLD 4.675387117e-10 8.482719600e-01 9.999983128e-01 8.024480258e-01
CREM_HOLD 4.747323339e-10 8.482759573e-01 9.999968522e-01 7.325674509e-01
CREM_HOLD 4.819262286e-10 8.482742164e-01 9.999957074e-01 7.292620245e-01
CREM_HOLD 4.891200985e-10 8.482678395e-01 9.999956533e-01 7.950529754e-01
CREM_HOLD 4.963136633e-10 8.482606255e-01 9.999967310e-01 8.844588884e-01
END idx 34 para  stop=closed photons=1 nE=1.0000 L=0.8483 e=0.52958 rp/eps=2.6639e+02 n/psi0=1.0514e-05 ET=1.241715e-05 S=0.999963 Gf=8.063334e+04 check=1.240136e-05
BEGIN 34 2
CREM_HOLD 0.000000000e+00 8.482752789e-01 1.000000000e+00 0.000000000e+00
CREM_HOLD 3.039659688e-16 8.482752788e-01 9.999999404e-01 0.000000000e+00
CREM_HOLD 7.194265250e-12 8.482803605e-01 9.999999404e-01 0.000000000e+00
CREM_HOLD 1.438853050e-11 8.482853900e-01 9.999999403e-01 0.000000000e+00
CREM_HOLD 2.158309971e-11 8.482903886e-01 9.999999402e-01 0.000000000e+00
CREM_HOLD 2.877797289e-11 8.482953849e-01 9.999999402e-01 0.000000000e+00
CREM_HOLD 3.597315003e-11 8.483004080e-01 9.999999401e-01 0.000000000e+00
CREM_HOLD 4.316863114e-11 8.483054809e-01 9.999999400e-01 0.000000000e+00
CREM_HOLD 5.036441621e-11 8.483106149e-01 9.999999400e-01 0.000000000e+00
CREM_HOLD 5.756050525e-11 8.483158070e-01 9.999999399e-01 0.000000000e+00
CREM_HOLD 6.475659428e-11 8.483210401e-01 9.999999398e-01 0.000000000e+00
CREM_HOLD 7.195298728e-11 8.483262883e-01 9.999999397e-01 0.000000000e+00
CREM_HOLD 7.914968424e-11 8.483315215e-01 9.999999396e-01 0.000000000e+00
CREM_HOLD 8.634638120e-11 8.483367131e-01 9.999999395e-01 0.000000000e+00
CREM_HOLD 9.354338213e-11 8.483418468e-01 9.999999394e-01 0.000000000e+00
CREM_HOLD 1.007406870e-10 8.483469198e-01 9.999999394e-01 0.000000000e+00
CREM_HOLD 1.079382959e-10 8.483519433e-01 9.999999393e-01 0.000000000e+00
CREM_HOLD 1.151362087e-10 8.483569405e-01 9.999999392e-01 0.000000000e+00
CREM_HOLD 1.223344255e-10 8.483619407e-01 9.999999391e-01 0.000000000e+00
CREM_HOLD 1.295329462e-10 8.483669728e-01 9.999999391e-01 0.000000000e+00
CREM_HOLD 1.367314670e-10 8.483720576e-01 9.999999390e-01 0.000000000e+00
CREM_HOLD 1.439302917e-10 8.483772042e-01 9.999999389e-01 0.000000000e+00
CREM_HOLD 1.511294203e-10 8.483824070e-01 9.999999388e-01 0.000000000e+00
CREM_HOLD 1.583288530e-10 8.483876469e-01 9.999999388e-01 0.000000000e+00
CREM_HOLD 1.655282856e-10 8.483928958e-01 9.999999387e-01 0.000000000e+00
CREM_HOLD 1.727280222e-10 8.483981241e-01 9.999999386e-01 0.000000000e+00
CREM_HOLD 1.799280628e-10 8.484033070e-01 9.999999385e-01 0.000000000e+00
CREM_HOLD 1.871284073e-10 8.484084300e-01 9.999999384e-01 0.000000000e+00
CREM_HOLD 1.943287518e-10 8.484134929e-01 9.999999383e-01 0.000000000e+00
CREM_HOLD 2.015294003e-10 8.484185100e-01 9.999999383e-01 0.000000000e+00
CREM_HOLD 2.087303528e-10 8.484235065e-01 9.999999382e-01 0.000000000e+00
CREM_HOLD 2.159316092e-10 8.484285121e-01 9.999999381e-01 0.000000000e+00
CREM_HOLD 2.231331696e-10 8.484335549e-01 9.999999380e-01 0.000000000e+00
CREM_HOLD 2.303350339e-10 8.484386539e-01 9.999999380e-01 0.000000000e+00
CREM_HOLD 2.375372022e-10 8.484438150e-01 9.999999379e-01 0.000000000e+00
CREM_HOLD 2.447396745e-10 8.484490295e-01 9.999999378e-01 0.000000000e+00
CREM_HOLD 2.519421468e-10 8.484542754e-01 9.999999377e-01 0.000000000e+00
CREM_HOLD 2.591449230e-10 8.484595242e-01 9.999999376e-01 0.000000000e+00
CREM_HOLD 2.663480032e-10 8.484647463e-01 9.999999375e-01 0.000000000e+00
CREM_HOLD 2.735510834e-10 8.484699179e-01 9.999999375e-01 0.000000000e+00
CREM_HOLD 2.807544676e-10 8.484750284e-01 9.999999374e-01 0.000000000e+00
CREM_HOLD 2.879581557e-10 8.484800808e-01 9.999999373e-01 0.000000000e+00
CREM_HOLD 2.951621478e-10 8.484850922e-01 9.999999372e-01 0.000000000e+00
CREM_HOLD 3.023664439e-10 8.484900896e-01 9.999999372e-01 0.000000000e+00
CREM_HOLD 3.095710439e-10 8.484951031e-01 9.999999371e-01 0.000000000e+00
CREM_HOLD 3.167759479e-10 8.485001595e-01 9.999999370e-01 0.000000000e+00
CREM_HOLD 3.239808518e-10 8.485052747e-01 9.999999369e-01 0.000000000e+00
CREM_HOLD 3.311860598e-10 8.485104514e-01 9.999999369e-01 0.000000000e+00
CREM_HOLD 3.383915717e-10 8.485156774e-01 9.999999368e-01 0.000000000e+00
CREM_HOLD 3.455973876e-10 8.485209289e-01 9.999999367e-01 0.000000000e+00
CREM_HOLD 3.528032035e-10 8.485261753e-01 9.999999366e-01 0.000000000e+00
CREM_HOLD 3.600093233e-10 8.485313883e-01 9.999999365e-01 0.000000000e+00
CREM_HOLD 3.672157471e-10 8.485365472e-01 9.999999364e-01 0.000000000e+00
CREM_HOLD 3.744221709e-10 8.485416436e-01 9.999999364e-01 0.000000000e+00
CREM_HOLD 3.816288987e-10 8.485466849e-01 9.999999363e-01 0.000000000e+00
CREM_HOLD 3.888359304e-10 8.485516913e-01 9.999999362e-01 0.000000000e+00
CREM_HOLD 3.960432661e-10 8.485566913e-01 9.999999361e-01 0.000000000e+00
CREM_HOLD 4.032509057e-10 8.485617150e-01 9.999999361e-01 0.000000000e+00
CREM_HOLD 4.104588494e-10 8.485667871e-01 9.999999360e-01 0.000000000e+00
CREM_HOLD 4.176670970e-10 8.485719206e-01 9.999999359e-01 0.000000000e+00
CREM_HOLD 4.248756485e-10 8.485771141e-01 9.999999358e-01 0.000000000e+00
CREM_HOLD 4.320842001e-10 8.485823512e-01 9.999999358e-01 0.000000000e+00
CREM_HOLD 4.392930556e-10 8.485876061e-01 9.999999357e-01 0.000000000e+00
CREM_HOLD 4.465022150e-10 8.485928484e-01 9.999999356e-01 0.000000000e+00
CREM_HOLD 4.537113745e-10 8.485980500e-01 9.999999355e-01 0.000000000e+00
CREM_HOLD 4.609208380e-10 8.486031937e-01 9.999999354e-01 0.000000000e+00
CREM_HOLD 4.681306054e-10 8.486082757e-01 9.999999353e-01 0.000000000e+00
CREM_HOLD 4.753406767e-10 8.486133067e-01 9.999999353e-01 0.000000000e+00
CREM_HOLD 4.825510521e-10 8.486183101e-01 9.999999352e-01 0.000000000e+00
CREM_HOLD 4.897617314e-10 8.486233156e-01 9.999999351e-01 0.000000000e+00
CREM_HOLD 4.969727146e-10 8.486283528e-01 9.999999350e-01 0.000000000e+00
END idx 34 ortho stop=closed photons=1 nE=1.0000 L=0.8486 e=0.52898 rp/eps=2.6674e+02 n/psi0=1.0474e-05 ET=1.323939e-02 S=1.000000 Gf=7.553225e+01 check=1.323938e-02
