BEGIN 36 1
CREM_HOLD 0.000000000e+00 7.245136120e-01 1.000000000e+00 9.684330267e-01
CREM_HOLD 3.039659688e-16 7.245136116e-01 1.000000624e+00 9.684583279e-01
CREM_HOLD 3.012916314e-12 7.245474070e-01 1.000000624e+00 7.564258424e-01
CREM_HOLD 6.026136601e-12 7.244957839e-01 9.999950500e-01 9.948641741e-01
CREM_HOLD 9.037786691e-12 7.245512117e-01 1.000001319e+00 7.179920190e-01
CREM_HOLD 1.205131722e-11 7.244982113e-01 9.999940397e-01 9.985800323e-01
CREM_HOLD 1.506356610e-11 7.245494708e-01 1.000001416e+00 7.378131994e-01
CREM_HOLD 1.807679355e-11 7.244917803e-01 9.999945607e-01 9.799314016e-01
CREM_HOLD 2.108843922e-11 7.245250004e-01 1.000000926e+00 8.033171079e-01
CREM_HOLD 2.410105430e-11 7.245038413e-01 9.999962821e-01 9.378367496e-01
CREM_HOLD 2.711332344e-11 7.245165807e-01 9.999998188e-01 8.802957110e-01
CREM_HOLD 3.012592852e-11 7.245084113e-01 9.999983060e-01 8.729069637e-01
CREM_HOLD 3.313821595e-11 7.244911025e-01 9.999981114e-01 9.431883238e-01
CREM_HOLD 3.614989370e-11 7.245230270e-01 9.999999593e-01 7.957319344e-01
CREM_HOLD 3.916250005e-11 7.244859027e-01 9.999960825e-01 9.828789933e-01
CREM_HOLD 4.217446343e-11 7.245321195e-01 1.000001003e+00 7.333088498e-01
CREM_HOLD 4.518738317e-11 7.244723945e-01 9.999944415e-01 9.992121353e-01
CREM_HOLD 4.819872380e-11 7.245243880e-01 1.000001432e+00 7.193326576e-01
CREM_HOLD 5.121164743e-11 7.244753498e-01 9.999940737e-01 9.932321883e-01
CREM_HOLD 5.422328870e-11 7.245236774e-01 1.000001275e+00 7.627541548e-01
CREM_HOLD 5.723621090e-11 7.244734815e-01 9.999952154e-01 9.644482854e-01
CREM_HOLD 6.024755852e-11 7.244953617e-01 1.000000518e+00 8.375300708e-01
CREM_HOLD 6.325956198e-11 7.244840766e-01 9.999971807e-01 9.119528113e-01
CREM_HOLD 6.627123132e-11 7.244859196e-01 9.999991376e-01 9.103671651e-01
CREM_HOLD 6.928322231e-11 7.244943975e-01 9.999990960e-01 8.394608336e-01
CREM_HOLD 7.229521292e-11 7.244640331e-01 9.999972314e-01 9.635052638e-01
CREM_HOLD 7.530627479e-11 7.245006160e-01 1.000000493e+00 7.644969702e-01
CREM_HOLD 7.831827803e-11 7.244577069e-01 9.999952602e-01 9.927988868e-01
CREM_HOLD 8.132932209e-11 7.245133278e-01 1.000001264e+00 7.198324172e-01
CREM_HOLD 8.434194022e-11 7.244494768e-01 9.999940863e-01 9.993302434e-01
CREM_HOLD 8.735266973e-11 7.244968323e-01 1.000001435e+00 7.321221081e-01
CREM_HOLD 9.036468147e-11 7.244514662e-01 9.999944087e-01 9.836102158e-01
CREM_HOLD 9.337571785e-11 7.244935565e-01 1.000001022e+00 7.935532922e-01
CREM_HOLD 9.638772586e-11 7.244560572e-01 9.999960241e-01 9.445514161e-01
CREM_HOLD 9.939877683e-11 7.244669085e-01 9.999999944e-01 8.708476095e-01
CREM_HOLD 1.024101676e-10 7.244633571e-01 9.999980560e-01 8.823402403e-01
CREM_HOLD 1.054212369e-10 7.244547468e-01 9.999983582e-01 9.362664592e-01
CREM_HOLD 1.084323090e-10 7.244808817e-01 9.999997764e-01 8.056334206e-01
CREM_HOLD 1.114440018e-10 7.244393644e-01 9.999963413e-01 9.790804252e-01
CREM_HOLD 1.144547517e-10 7.244793977e-01 1.000000902e+00 7.393090168e-01
CREM_HOLD 1.174664546e-10 7.244314339e-01 9.999945969e-01 9.983567012e-01
CREM_HOLD 1.204768848e-10 7.244916248e-01 1.000001409e+00 7.176933680e-01
CREM_HOLD 1.234888963e-10 7.244293076e-01 9.999940290e-01 9.952860191e-01
CREM_HOLD 1.264993213e-10 7.244709263e-01 1.000001328e+00 7.544555247e-01
CREM_HOLD 1.295107242e-10 7.244286798e-01 9.999949949e-01 9.696409324e-01
CREM_HOLD 1.325211579e-10 7.244606772e-01 1.000000654e+00 8.270593736e-01
CREM_HOLD 1.355325547e-10 7.244402881e-01 9.999969041e-01 9.202647535e-01
CREM_HOLD 1.385433096e-10 7.244397987e-01 9.999993551e-01 9.015989032e-01
CREM_HOLD 1.415540867e-10 7.244432104e-01 9.999988641e-01 8.498633616e-01
CREM_HOLD 1.445648594e-10 7.244230509e-01 9.999975033e-01 9.577496002e-01
CREM_HOLD 1.475753158e-10 7.244643709e-01 1.000000341e+00 7.735973458e-01
CREM_HOLD 1.505867097e-10 7.244145866e-01 9.999954981e-01 9.902295574e-01
CREM_HOLD 1.535968440e-10 7.244579855e-01 1.000001195e+00 7.228221812e-01
CREM_HOLD 1.566082457e-10 7.244046146e-01 9.999941624e-01 9.997387257e-01
CREM_HOLD 1.596180640e-10 7.244637702e-01 1.000001445e+00 7.270509004e-01
CREM_HOLD 1.626294679e-10 7.244094721e-01 9.999942738e-01 9.870347143e-01
CREM_HOLD 1.656395911e-10 7.244458950e-01 1.000001111e+00 7.836199272e-01
CREM_HOLD 1.686503841e-10 7.244070122e-01 9.999957609e-01 9.512041054e-01
CREM_HOLD 1.716602168e-10 7.244274159e-01 1.000000168e+00 8.606454684e-01
CREM_HOLD 1.746706973e-10 7.244247852e-01 9.999977864e-01 8.919640519e-01
CREM_HOLD 1.776811563e-10 7.244139587e-01 9.999986102e-01 9.286420524e-01
CREM_HOLD 1.806913187e-10 7.244257106e-01 9.999995748e-01 8.161381894e-01
CREM_HOLD 1.837017938e-10 7.243941146e-01 9.999966156e-01 9.746757687e-01
CREM_HOLD 1.867113303e-10 7.244449715e-01 1.000000786e+00 7.464493654e-01
CREM_HOLD 1.897224243e-10 7.243916055e-01 9.999947832e-01 9.970615949e-01
CREM_HOLD 1.927322482e-10 7.244394387e-01 1.000001375e+00 7.171204095e-01
CREM_HOLD 1.957430435e-10 7.243806232e-01 9.999940115e-01 9.970058356e-01
CREM_HOLD 1.987522525e-10 7.244325254e-01 1.000001373e+00 7.465170390e-01
CREM_HOLD 2.017630479e-10 7.243895194e-01 9.999947844e-01 9.745232193e-01
CREM_HOLD 2.047728718e-10 7.244195668e-01 1.000000782e+00 8.163930053e-01
CREM_HOLD 2.077833578e-10 7.243870704e-01 9.999966220e-01 9.283657438e-01
CREM_HOLD 2.107928943e-10 7.243940620e-01 9.999995670e-01 8.922313314e-01
CREM_HOLD 2.138024575e-10 7.244067724e-01 9.999986164e-01 8.604198362e-01
CREM_HOLD 2.168126200e-10 7.243863162e-01 9.999977798e-01 9.514222032e-01
CREM_HOLD 2.198221670e-10 7.244100592e-01 1.000000174e+00 7.833928933e-01
CREM_HOLD 2.228323435e-10 7.243663377e-01 9.999957535e-01 9.871505921e-01
CREM_HOLD 2.258412643e-10 7.244205454e-01 1.000001113e+00 7.270200310e-01
CREM_HOLD 2.288517533e-10 7.243673232e-01 9.999942710e-01 9.997444475e-01
CREM_HOLD 2.318609647e-10 7.244194325e-01 1.000001445e+00 7.228703223e-01
CREM_HOLD 2.348714567e-10 7.243587862e-01 9.999941618e-01 9.901367583e-01
CREM_HOLD 2.378800591e-10 7.244005612e-01 1.000001192e+00 7.736486027e-01
CREM_HOLD 2.408899409e-10 7.243695837e-01 9.999954968e-01 9.576540272e-01
CREM_HOLD 2.438991634e-10 7.243924301e-01 1.000000337e+00 8.499276432e-01
CREM_HOLD 2.469090374e-10 7.243710953e-01 9.999975033e-01 9.014829010e-01
CREM_HOLD 2.499182780e-10 7.243645887e-01 9.999988592e-01 9.203390209e-01
CREM_HOLD 2.529272268e-10 7.243871228e-01 9.999993552e-01 8.271238585e-01
CREM_HOLD 2.559367880e-10 7.243584907e-01 9.999969032e-01 9.696503831e-01
CREM_HOLD 2.589457192e-10 7.243955846e-01 1.000000653e+00 7.545748520e-01
CREM_HOLD 2.619555961e-10 7.243416884e-01 9.999949948e-01 9.952901593e-01
CREM_HOLD 2.649639021e-10 7.243942860e-01 1.000001327e+00 7.177488753e-01
CREM_HOLD 2.679737851e-10 7.243429401e-01 9.999940259e-01 9.983599924e-01
CREM_HOLD 2.709823863e-10 7.243963405e-01 1.000001408e+00 7.391330392e-01
CREM_HOLD 2.739922701e-10 7.243384491e-01 9.999945886e-01 9.791253034e-01
CREM_HOLD 2.770005724e-10 7.243695301e-01 1.000000902e+00 8.052760616e-01
CREM_HOLD 2.800098436e-10 7.243479797e-01 9.999963277e-01 9.364651622e-01
CREM_HOLD 2.830184657e-10 7.243612689e-01 9.999997792e-01 8.819854121e-01
CREM_HOLD 2.860277267e-10 7.243565105e-01 9.999983459e-01 8.711845689e-01
CREM_HOLD 2.890366709e-10 7.243373191e-01 9.999980615e-01 9.443147618e-01
CREM_HOLD 2.920450046e-10 7.243660770e-01 9.999999855e-01 7.940978671e-01
CREM_HOLD 2.950539636e-10 7.243299938e-01 9.999960334e-01 9.834311542e-01
CREM_HOLD 2.980622790e-10 7.243802226e-01 1.000001015e+00 7.325305145e-01
CREM_HOLD 3.010718552e-10 7.243193593e-01 9.999944141e-01 9.992969055e-01
CREM_HOLD 3.040798520e-10 7.243684679e-01 1.000001432e+00 7.196771377e-01
CREM_HOLD 3.070891281e-10 7.243192907e-01 9.999940754e-01 9.929374872e-01
CREM_HOLD 3.100971218e-10 7.243689733e-01 1.000001265e+00 7.637703355e-01
CREM_HOLD 3.131063963e-10 7.243213301e-01 9.999952356e-01 9.638620673e-01
CREM_HOLD 3.161144005e-10 7.243421363e-01 1.000000500e+00 8.385599070e-01
CREM_HOLD 3.191227562e-10 7.243273614e-01 9.999972025e-01 9.111613410e-01
CREM_HOLD 3.221307782e-10 7.243294648e-01 9.999991127e-01 9.110417195e-01
CREM_HOLD 3.251391214e-10 7.243428564e-01 9.999991097e-01 8.387065349e-01
CREM_HOLD 3.281477685e-10 7.243117283e-01 9.999972064e-01 9.638504596e-01
CREM_HOLD 3.311554866e-10 7.243442390e-01 1.000000499e+00 7.639752148e-01
CREM_HOLD 3.341641462e-10 7.243013843e-01 9.999952400e-01 9.929248638e-01
CREM_HOLD 3.371718465e-10 7.243598823e-01 1.000001264e+00 7.197452061e-01
CREM_HOLD 3.401808171e-10 7.242973686e-01 9.999940768e-01 9.992991882e-01
CREM_HOLD 3.431882029e-10 7.243435716e-01 1.000001432e+00 7.323590109e-01
CREM_HOLD 3.461968710e-10 7.242949759e-01 9.999944080e-01 9.834821039e-01
CREM_HOLD 3.492042598e-10 7.243370122e-01 1.000001016e+00 7.937886861e-01
CREM_HOLD 3.522129241e-10 7.243043961e-01 9.999960242e-01 9.444071688e-01
CREM_HOLD 3.552206315e-10 7.243155967e-01 9.999999872e-01 8.709576910e-01
CREM_HOLD 3.582283747e-10 7.243068704e-01 9.999980543e-01 8.822915559e-01
CREM_HOLD 3.612361004e-10 7.242978240e-01 9.999983523e-01 9.362386111e-01
CREM_HOLD 3.642435248e-10 7.243281576e-01 9.999997720e-01 8.057429926e-01
CREM_HOLD 3.672518739e-10 7.242876759e-01 9.999963384e-01 9.790026550e-01
CREM_HOLD 3.702592802e-10 7.243253081e-01 1.000000897e+00 7.394746767e-01
CREM_HOLD 3.732676395e-10 7.242751112e-01 9.999945944e-01 9.983235260e-01
CREM_HOLD 3.762744221e-10 7.243353920e-01 1.000001406e+00 7.176942172e-01
CREM_HOLD 3.792830899e-10 7.242772571e-01 9.999940217e-01 9.953541813e-01
CREM_HOLD 3.822901713e-10 7.243202851e-01 1.000001328e+00 7.541104681e-01
CREM_HOLD 3.852982305e-10 7.242726156e-01 9.999949793e-01 9.698770118e-01
CREM_HOLD 3.883050166e-10 7.243031326e-01 1.000000657e+00 8.264298923e-01
CREM_HOLD 3.913127657e-10 7.242877071e-01 9.999968820e-01 9.208048402e-01
CREM_HOLD 3.943201769e-10 7.242890595e-01 9.999993655e-01 9.009102104e-01
CREM_HOLD 3.973276105e-10 7.242885687e-01 9.999988419e-01 8.506695230e-01
CREM_HOLD 4.003350393e-10 7.242667939e-01 9.999975195e-01 9.572329983e-01
CREM_HOLD 4.033418483e-10 7.243090460e-01 1.000000324e+00 7.744806960e-01
CREM_HOLD 4.063498984e-10 7.242625937e-01 9.999955149e-01 9.899468410e-01
CREM_HOLD 4.093566893e-10 7.243071963e-01 1.000001185e+00 7.232276787e-01
CREM_HOLD 4.123644433e-10 7.242493735e-01 9.999941660e-01 9.997550770e-01
CREM_HOLD 4.153706141e-10 7.243056021e-01 1.000001443e+00 7.265319814e-01
CREM_HOLD 4.183783704e-10 7.242564755e-01 9.999942529e-01 9.874466364e-01
CREM_HOLD 4.213851499e-10 7.242963201e-01 1.000001119e+00 7.822866874e-01
CREM_HOLD 4.243925993e-10 7.242524849e-01 9.999957199e-01 9.520972920e-01
CREM_HOLD 4.273990881e-10 7.242707276e-01 1.000000188e+00 8.591267348e-01
CREM_HOLD 4.304059211e-10 7.242698129e-01 9.999977415e-01 8.934055234e-01
CREM_HOLD 4.334130361e-10 7.242621497e-01 9.999986438e-01 9.273620794e-01
CREM_HOLD 4.364198552e-10 7.242738391e-01 9.999995375e-01 8.178805960e-01
CREM_HOLD 4.394269863e-10 7.242395228e-01 9.999966559e-01 9.738713317e-01
CREM_HOLD 4.424328757e-10 7.242867018e-01 1.000000761e+00 7.478262393e-01
CREM_HOLD 4.454403218e-10 7.242380670e-01 9.999948125e-01 9.967670056e-01
CREM_HOLD 4.484464985e-10 7.242904304e-01 1.000001364e+00 7.171807605e-01
CREM_HOLD 4.514539501e-10 7.242269630e-01 9.999940060e-01 9.972990775e-01
CREM_HOLD 4.544598155e-10 7.242747717e-01 1.000001378e+00 7.449983461e-01
CREM_HOLD 4.574669632e-10 7.242345555e-01 9.999947375e-01 9.755074745e-01
CREM_HOLD 4.604731392e-10 7.242688221e-01 1.000000804e+00 8.139785712e-01
CREM_HOLD 4.634802818e-10 7.242350218e-01 9.999965530e-01 9.301667756e-01
CREM_HOLD 4.664864741e-10 7.242400491e-01 9.999996107e-01 8.899507742e-01
CREM_HOLD 4.694926940e-10 7.242491734e-01 9.999985520e-01 8.629005665e-01
CREM_HOLD 4.724992083e-10 7.242326075e-01 9.999978401e-01 9.497610927e-01
CREM_HOLD 4.755054123e-10 7.242608166e-01 1.000000127e+00 7.859496942e-01
CREM_HOLD 4.785122448e-10 7.242143039e-01 9.999958149e-01 9.862740519e-01
CREM_HOLD 4.815178226e-10 7.242618634e-01 1.000001088e+00 7.283261669e-01
CREM_HOLD 4.845246637e-10 7.242122529e-01 9.999942981e-01 9.996683687e-01
CREM_HOLD 4.875302278e-10 7.242698193e-01 1.000001440e+00 7.219291271e-01
CREM_HOLD 4.905373761e-10 7.242074032e-01 9.999941300e-01 9.909358721e-01
CREM_HOLD 4.935426347e-10 7.242461228e-01 1.000001210e+00 7.708748959e-01
CREM_HOLD 4.965491730e-10 7.242126055e-01 9.999954175e-01 9.594349314e-01
CREM_HOLD 4.995547472e-10 7.242387876e-01 1.000000381e+00 8.466463286e-01
END idx 36 para  stop=closed photons=1 nE=1.0000 L=0.7242 e=0.68957 rp/eps=1.7580e+02 n/psi0=3.8342e-05 ET=3.603271e-06 S=0.999864 Gf=2.785540e+05 check=3.589478e-06
BEGIN 36 2
CREM_HOLD 0.000000000e+00 7.245167098e-01 1.000000000e+00 0.000000000e+00
CREM_HOLD 3.039659688e-16 7.245167098e-01 9.999985542e-01 0.000000000e+00
CREM_HOLD 3.013505539e-12 7.245221895e-01 9.999985542e-01 0.000000000e+00
CREM_HOLD 6.026707113e-12 7.245274147e-01 9.999985540e-01 0.000000000e+00
CREM_HOLD 9.039604720e-12 7.245300432e-01 9.999985538e-01 0.000000000e+00
CREM_HOLD 1.205280629e-11 7.245334018e-01 9.999985539e-01 0.000000000e+00
CREM_HOLD 1.506631183e-11 7.245392236e-01 9.999985539e-01 0.000000000e+00
CREM_HOLD 1.807981736e-11 7.245438608e-01 9.999985537e-01 0.000000000e+00
CREM_HOLD 2.109332290e-11 7.245462531e-01 9.999985536e-01 0.000000000e+00
CREM_HOLD 2.410713239e-11 7.245502429e-01 9.999985537e-01 0.000000000e+00
CREM_HOLD 2.712094189e-11 7.245561830e-01 9.999985537e-01 0.000000000e+00
CREM_HOLD 3.013475139e-11 7.245601650e-01 9.999985534e-01 0.000000000e+00
CREM_HOLD 3.314856088e-11 7.245625579e-01 9.999985534e-01 0.000000000e+00
CREM_HOLD 3.616267435e-11 7.245672011e-01 9.999985535e-01 0.000000000e+00
CREM_HOLD 3.917678781e-11 7.245730183e-01 9.999985534e-01 0.000000000e+00
CREM_HOLD 4.219090127e-11 7.245763681e-01 9.999985532e-01 0.000000000e+00
CREM_HOLD 4.520501472e-11 7.245789987e-01 9.999985532e-01 0.000000000e+00
CREM_HOLD 4.821943215e-11 7.245842284e-01 9.999985533e-01 0.000000000e+00
CREM_HOLD 5.123384957e-11 7.245896981e-01 9.999985531e-01 0.000000000e+00
CREM_HOLD 5.424826699e-11 7.245925241e-01 9.999985529e-01 0.000000000e+00
CREM_HOLD 5.726298838e-11 7.245955969e-01 9.999985530e-01 0.000000000e+00
CREM_HOLD 6.027801373e-11 7.246012690e-01 9.999985530e-01 0.000000000e+00
CREM_HOLD 6.329273512e-11 7.246062112e-01 9.999985528e-01 0.000000000e+00
CREM_HOLD 6.630745650e-11 7.246086908e-01 9.999985527e-01 0.000000000e+00
CREM_HOLD 6.932248185e-11 7.246123531e-01 9.999985528e-01 0.000000000e+00
CREM_HOLD 7.233781116e-11 7.246182609e-01 9.999985528e-01 0.000000000e+00
CREM_HOLD 7.535283651e-11 7.246225685e-01 9.999985525e-01 0.000000000e+00
CREM_HOLD 7.836816582e-11 7.246249274e-01 9.999985525e-01 0.000000000e+00
CREM_HOLD 8.138379910e-11 7.246292469e-01 9.999985526e-01 0.000000000e+00
CREM_HOLD 8.439943237e-11 7.246351512e-01 9.999985525e-01 0.000000000e+00
CREM_HOLD 8.741506565e-11 7.246387994e-01 9.999985523e-01 0.000000000e+00
CREM_HOLD 9.043069892e-11 7.246412824e-01 9.999985523e-01 0.000000000e+00
CREM_HOLD 9.344663616e-11 7.246462373e-01 9.999985524e-01 0.000000000e+00
CREM_HOLD 9.646257340e-11 7.246518976e-01 9.999985522e-01 0.000000000e+00
CREM_HOLD 9.947851064e-11 7.246549545e-01 9.999985520e-01 0.000000000e+00
CREM_HOLD 1.024944479e-10 7.246577895e-01 9.999985521e-01 0.000000000e+00
CREM_HOLD 1.055106891e-10 7.246632685e-01 9.999985521e-01 0.000000000e+00
CREM_HOLD 1.085269303e-10 7.246684778e-01 9.999985519e-01 0.000000000e+00
CREM_HOLD 1.115431715e-10 7.246710929e-01 9.999985518e-01 0.000000000e+00
CREM_HOLD 1.145597166e-10 7.246744593e-01 9.999985519e-01 0.000000000e+00
CREM_HOLD 1.175762618e-10 7.246802803e-01 9.999985519e-01 0.000000000e+00
CREM_HOLD 1.205928070e-10 7.246848920e-01 9.999985517e-01 0.000000000e+00
CREM_HOLD 1.236093521e-10 7.246872747e-01 9.999985516e-01 0.000000000e+00
CREM_HOLD 1.266262013e-10 7.246912802e-01 9.999985517e-01 0.000000000e+00
CREM_HOLD 1.296430504e-10 7.246972128e-01 9.999985516e-01 0.000000000e+00
CREM_HOLD 1.326598995e-10 7.247011634e-01 9.999985514e-01 0.000000000e+00
CREM_HOLD 1.356770526e-10 7.247035551e-01 9.999985513e-01 0.000000000e+00
CREM_HOLD 1.386942057e-10 7.247082195e-01 9.999985515e-01 0.000000000e+00
CREM_HOLD 1.417116627e-10 7.247140184e-01 9.999985513e-01 0.000000000e+00
CREM_HOLD 1.447288158e-10 7.247173323e-01 9.999985511e-01 0.000000000e+00
CREM_HOLD 1.477462729e-10 7.247199754e-01 9.999985511e-01 0.000000000e+00
CREM_HOLD 1.507640339e-10 7.247252288e-01 9.999985512e-01 0.000000000e+00
CREM_HOLD 1.537817949e-10 7.247306637e-01 9.999985511e-01 0.000000000e+00
CREM_HOLD 1.567995559e-10 7.247334541e-01 9.999985509e-01 0.000000000e+00
CREM_HOLD 1.598173169e-10 7.247365579e-01 9.999985510e-01 0.000000000e+00
CREM_HOLD 1.628353819e-10 7.247422471e-01 9.999985510e-01 0.000000000e+00
CREM_HOLD 1.658534469e-10 7.247471381e-01 9.999985508e-01 0.000000000e+00
CREM_HOLD 1.688715119e-10 7.247495931e-01 9.999985506e-01 0.000000000e+00
CREM_HOLD 1.718898808e-10 7.247533022e-01 9.999985508e-01 0.000000000e+00
CREM_HOLD 1.749082498e-10 7.247592122e-01 9.999985507e-01 0.000000000e+00
CREM_HOLD 1.779266187e-10 7.247634540e-01 9.999985505e-01 0.000000000e+00
CREM_HOLD 1.809449876e-10 7.247658084e-01 9.999985504e-01 0.000000000e+00
CREM_HOLD 1.839636605e-10 7.247701837e-01 9.999985506e-01 0.000000000e+00
CREM_HOLD 1.869823334e-10 7.247760675e-01 9.999985505e-01 0.000000000e+00
CREM_HOLD 1.900010063e-10 7.247796467e-01 9.999985502e-01 0.000000000e+00
CREM_HOLD 1.930196792e-10 7.247821496e-01 9.999985502e-01 0.000000000e+00
CREM_HOLD 1.960386561e-10 7.247871579e-01 9.999985503e-01 0.000000000e+00
CREM_HOLD 1.990576330e-10 7.247927728e-01 9.999985502e-01 0.000000000e+00
CREM_HOLD 2.020766098e-10 7.247957680e-01 9.999985500e-01 0.000000000e+00
CREM_HOLD 2.050958907e-10 7.247986474e-01 9.999985500e-01 0.000000000e+00
CREM_HOLD 2.081154755e-10 7.248041693e-01 9.999985501e-01 0.000000000e+00
CREM_HOLD 2.111347563e-10 7.248093078e-01 9.999985499e-01 0.000000000e+00
CREM_HOLD 2.141540371e-10 7.248118774e-01 9.999985497e-01 0.000000000e+00
CREM_HOLD 2.171736219e-10 7.248153112e-01 9.999985498e-01 0.000000000e+00
CREM_HOLD 2.201935107e-10 7.248211527e-01 9.999985499e-01 0.000000000e+00
CREM_HOLD 2.232133994e-10 7.248256745e-01 9.999985496e-01 0.000000000e+00
CREM_HOLD 2.262332882e-10 7.248280379e-01 9.999985495e-01 0.000000000e+00
CREM_HOLD 2.292534809e-10 7.248321281e-01 9.999985496e-01 0.000000000e+00
CREM_HOLD 2.322736736e-10 7.248380502e-01 9.999985496e-01 0.000000000e+00
CREM_HOLD 2.352938663e-10 7.248418981e-01 9.999985494e-01 0.000000000e+00
CREM_HOLD 2.383140591e-10 7.248443065e-01 9.999985493e-01 0.000000000e+00
CREM_HOLD 2.413345557e-10 7.248490604e-01 9.999985494e-01 0.000000000e+00
CREM_HOLD 2.443550524e-10 7.248548101e-01 9.999985493e-01 0.000000000e+00
CREM_HOLD 2.473755491e-10 7.248580256e-01 9.999985491e-01 0.000000000e+00
CREM_HOLD 2.503960458e-10 7.248607241e-01 9.999985491e-01 0.000000000e+00
CREM_HOLD 2.534168464e-10 7.248660537e-01 9.999985492e-01 0.000000000e+00
CREM_HOLD 2.564376471e-10 7.248714029e-01 9.999985490e-01 0.000000000e+00
CREM_HOLD 2.594584477e-10 7.248741170e-01 9.999985489e-01 0.000000000e+00
CREM_HOLD 2.624795523e-10 7.248773089e-01 9.999985489e-01 0.000000000e+00
CREM_HOLD 2.655006569e-10 7.248830459e-01 9.999985490e-01 0.000000000e+00
CREM_HOLD 2.685217615e-10 7.248878220e-01 9.999985487e-01 0.000000000e+00
CREM_HOLD 2.715428661e-10 7.248902356e-01 9.999985486e-01 0.000000000e+00
CREM_HOLD 2.745642747e-10 7.248940557e-01 9.999985487e-01 0.000000000e+00
CREM_HOLD 2.775859872e-10 7.248999731e-01 9.999985487e-01 0.000000000e+00
CREM_HOLD 2.806073958e-10 7.249040843e-01 9.999985485e-01 0.000000000e+00
CREM_HOLD 2.836291083e-10 7.249064414e-01 9.999985484e-01 0.000000000e+00
CREM_HOLD 2.866511248e-10 7.249109375e-01 9.999985485e-01 0.000000000e+00
CREM_HOLD 2.896731413e-10 7.249167805e-01 9.999985484e-01 0.000000000e+00
CREM_HOLD 2.926948539e-10 7.249202279e-01 9.999985482e-01 0.000000000e+00
CREM_HOLD 2.957168704e-10 7.249227837e-01 9.999985482e-01 0.000000000e+00
CREM_HOLD 2.987391908e-10 7.249279042e-01 9.999985483e-01 0.000000000e+00
CREM_HOLD 3.017615113e-10 7.249334278e-01 9.999985482e-01 0.000000000e+00
CREM_HOLD 3.047838317e-10 7.249363094e-01 9.999985480e-01 0.000000000e+00
CREM_HOLD 3.078061522e-10 7.249392909e-01 9.999985480e-01 0.000000000e+00
CREM_HOLD 3.108287766e-10 7.249448949e-01 9.999985481e-01 0.000000000e+00
CREM_HOLD 3.138514010e-10 7.249498989e-01 9.999985479e-01 0.000000000e+00
CREM_HOLD 3.168740255e-10 7.249523947e-01 9.999985477e-01 0.000000000e+00
CREM_HOLD 3.198969538e-10 7.249559677e-01 9.999985478e-01 0.000000000e+00
CREM_HOLD 3.229198822e-10 7.249618436e-01 9.999985478e-01 0.000000000e+00
CREM_HOLD 3.259428106e-10 7.249662019e-01 9.999985476e-01 0.000000000e+00
CREM_HOLD 3.289657390e-10 7.249685472e-01 9.999985475e-01 0.000000000e+00
CREM_HOLD 3.319889713e-10 7.249727929e-01 9.999985476e-01 0.000000000e+00
CREM_HOLD 3.350122037e-10 7.249786892e-01 9.999985476e-01 0.000000000e+00
CREM_HOLD 3.380354360e-10 7.249823695e-01 9.999985473e-01 0.000000000e+00
CREM_HOLD 3.410589723e-10 7.249848215e-01 9.999985473e-01 0.000000000e+00
CREM_HOLD 3.440825087e-10 7.249897242e-01 9.999985474e-01 0.000000000e+00
CREM_HOLD 3.471060450e-10 7.249953860e-01 9.999985473e-01 0.000000000e+00
CREM_HOLD 3.501295813e-10 7.249984527e-01 9.999985471e-01 0.000000000e+00
CREM_HOLD 3.531534215e-10 7.250012546e-01 9.999985471e-01 0.000000000e+00
CREM_HOLD 3.561775658e-10 7.250067033e-01 9.999985472e-01 0.000000000e+00
CREM_HOLD 3.592017100e-10 7.250119082e-01 9.999985470e-01 0.000000000e+00
CREM_HOLD 3.622255503e-10 7.250145138e-01 9.999985468e-01 0.000000000e+00
CREM_HOLD 3.652496945e-10 7.250178597e-01 9.999985469e-01 0.000000000e+00
CREM_HOLD 3.682741427e-10 7.250236638e-01 9.999985470e-01 0.000000000e+00
CREM_HOLD 3.712985909e-10 7.250282548e-01 9.999985467e-01 0.000000000e+00
CREM_HOLD 3.743230391e-10 7.250306206e-01 9.999985466e-01 0.000000000e+00
CREM_HOLD 3.773477913e-10 7.250346262e-01 9.999985467e-01 0.000000000e+00
CREM_HOLD 3.803725434e-10 7.250405418e-01 9.999985467e-01 0.000000000e+00
CREM_HOLD 3.833972956e-10 7.250444493e-01 9.999985465e-01 0.000000000e+00
CREM_HOLD 3.864220478e-10 7.250468333e-01 9.999985464e-01 0.000000000e+00
CREM_HOLD 3.894471039e-10 7.250515171e-01 9.999985465e-01 0.000000000e+00
CREM_HOLD 3.924721600e-10 7.250572824e-01 9.999985464e-01 0.000000000e+00
CREM_HOLD 3.954972161e-10 7.250605393e-01 9.999985462e-01 0.000000000e+00
CREM_HOLD 3.985222723e-10 7.250631967e-01 9.999985462e-01 0.000000000e+00
CREM_HOLD 4.015476324e-10 7.250684769e-01 9.999985463e-01 0.000000000e+00
CREM_HOLD 4.045729924e-10 7.250738524e-01 9.999985461e-01 0.000000000e+00
CREM_HOLD 4.075983525e-10 7.250765865e-01 9.999985460e-01 0.000000000e+00
CREM_HOLD 4.106240166e-10 7.250797323e-01 9.999985460e-01 0.000000000e+00
CREM_HOLD 4.136499846e-10 7.250854415e-01 9.999985461e-01 0.000000000e+00
CREM_HOLD 4.166756486e-10 7.250902424e-01 9.999985459e-01 0.000000000e+00
CREM_HOLD 4.197013127e-10 7.250926568e-01 9.999985457e-01 0.000000000e+00
CREM_HOLD 4.227272807e-10 7.250964369e-01 9.999985458e-01 0.000000000e+00
CREM_HOLD 4.257535527e-10 7.251023418e-01 9.999985458e-01 0.000000000e+00
CREM_HOLD 4.287795207e-10 7.251064692e-01 9.999985456e-01 0.000000000e+00
CREM_HOLD 4.318057927e-10 7.251088154e-01 9.999985455e-01 0.000000000e+00
CREM_HOLD 4.348323686e-10 7.251132825e-01 9.999985456e-01 0.000000000e+00
CREM_HOLD 4.378589445e-10 7.251191205e-01 9.999985455e-01 0.000000000e+00
CREM_HOLD 4.408852165e-10 7.251225720e-01 9.999985453e-01 0.000000000e+00
CREM_HOLD 4.439117925e-10 7.251251137e-01 9.999985453e-01 0.000000000e+00
CREM_HOLD 4.469386724e-10 7.251302174e-01 9.999985454e-01 0.000000000e+00
CREM_HOLD 4.499655523e-10 7.251357347e-01 9.999985453e-01 0.000000000e+00
CREM_HOLD 4.529924322e-10 7.251386096e-01 9.999985451e-01 0.000000000e+00
CREM_HOLD 4.560193121e-10 7.251415821e-01 9.999985451e-01 0.000000000e+00
CREM_HOLD 4.590464959e-10 7.251471778e-01 9.999985452e-01 0.000000000e+00
CREM_HOLD 4.620736798e-10 7.251521673e-01 9.999985450e-01 0.000000000e+00
CREM_HOLD 4.651008637e-10 7.251546510e-01 9.999985448e-01 0.000000000e+00
CREM_HOLD 4.681283515e-10 7.251582257e-01 9.999985449e-01 0.000000000e+00
CREM_HOLD 4.711558393e-10 7.251640947e-01 9.999985449e-01 0.000000000e+00
CREM_HOLD 4.741833271e-10 7.251684268e-01 9.999985447e-01 0.000000000e+00
CREM_HOLD 4.772108150e-10 7.251707629e-01 9.999985446e-01 0.000000000e+00
CREM_HOLD 4.802386068e-10 7.251750218e-01 9.999985447e-01 0.000000000e+00
CREM_HOLD 4.832663986e-10 7.251809040e-01 9.999985447e-01 0.000000000e+00
CREM_HOLD 4.862941903e-10 7.251845478e-01 9.999985444e-01 0.000000000e+00
CREM_HOLD 4.893222861e-10 7.251870021e-01 9.999985444e-01 0.000000000e+00
CREM_HOLD 4.923506858e-10 7.251919267e-01 9.999985445e-01 0.000000000e+00
CREM_HOLD 4.953787816e-10 7.251975586e-01 9.999985444e-01 0.000000000e+00
CREM_HOLD 4.984068773e-10 7.252005836e-01 9.999985442e-01 0.000000000e+00
END idx 36 ortho stop=closed photons=1 nE=1.0000 L=0.7252 e=0.68853 rp/eps=1.7638e+02 n/psi0=3.7932e-05 ET=3.655840e-03 S=1.000000 Gf=2.735359e+02 check=3.655826e-03
