BEGIN 38 1
CREM_HOLD 0.000000000e+00 6.355232951e-01 1.000000000e+00 7.621563126e-01
CREM_HOLD 3.039659688e-16 6.355232968e-01 9.999950726e-01 7.620684163e-01
CREM_HOLD 1.491842924e-12 6.355077994e-01 9.999950691e-01 8.409394291e-01
CREM_HOLD 2.983077904e-12 6.354696519e-01 9.999981417e-01 9.790627731e-01
CREM_HOLD 4.474022666e-12 6.355443495e-01 1.000003524e+00 6.790890703e-01
CREM_HOLD 5.965903410e-12 6.354823111e-01 9.999918375e-01 9.138318006e-01
CREM_HOLD 7.456819975e-12 6.354594070e-01 1.000000982e+00 9.502593602e-01
CREM_HOLD 8.947473473e-12 6.355233734e-01 1.000002401e+00 6.506965504e-01
CREM_HOLD 1.043904522e-11 6.354330909e-01 9.999907304e-01 9.602077261e-01
CREM_HOLD 1.192934892e-11 6.354315371e-01 1.000002789e+00 8.969150512e-01
CREM_HOLD 1.341970654e-11 6.354700755e-01 1.000000322e+00 6.976783009e-01
CREM_HOLD 1.491035708e-11 6.353819306e-01 9.999925582e-01 9.831049665e-01
CREM_HOLD 1.639975708e-11 6.354130685e-01 1.000003682e+00 8.178597440e-01
CREM_HOLD 1.788981471e-11 6.354158445e-01 9.999972402e-01 7.865570619e-01
CREM_HOLD 1.937984355e-11 6.353550562e-01 9.999960201e-01 9.862700797e-01
CREM_HOLD 2.086895505e-11 6.354203801e-01 1.000003806e+00 7.259617619e-01
CREM_HOLD 2.235901324e-11 6.353877958e-01 9.999936584e-01 8.725642500e-01
CREM_HOLD 2.384872211e-11 6.353662363e-01 9.999993723e-01 9.704210258e-01
CREM_HOLD 2.533784858e-11 6.354512473e-01 1.000003188e+00 6.592033191e-01
CREM_HOLD 2.682851194e-11 6.353932276e-01 9.999910580e-01 9.348256077e-01
CREM_HOLD 2.831820919e-11 6.354081795e-01 1.000001800e+00 9.328034516e-01
CREM_HOLD 2.980825841e-11 6.354848148e-01 1.000001721e+00 6.607062646e-01
CREM_HOLD 3.129921918e-11 6.354173016e-01 9.999911183e-01 9.715354167e-01
CREM_HOLD 3.278922066e-11 6.354570836e-01 1.000003231e+00 8.693761346e-01
CREM_HOLD 3.427988422e-11 6.354973688e-01 9.999992489e-01 7.296923748e-01
CREM_HOLD 3.577113790e-11 6.354326323e-01 9.999938068e-01 9.865562715e-01
CREM_HOLD 3.726145535e-11 6.354877382e-01 1.000003816e+00 7.823243660e-01
CREM_HOLD 3.875272946e-11 6.354760581e-01 9.999958572e-01 8.221240077e-01
CREM_HOLD 4.024366401e-11 6.354217151e-01 9.999974077e-01 9.824455243e-01
CREM_HOLD 4.173399756e-11 6.354846565e-01 1.000003656e+00 6.939677940e-01
CREM_HOLD 4.322496698e-11 6.354257525e-01 9.999924143e-01 9.002905196e-01
CREM_HOLD 4.471527821e-11 6.353903081e-01 1.000000453e+00 9.583973070e-01
CREM_HOLD 4.620501745e-11 6.354530342e-01 1.000002719e+00 6.502669853e-01
CREM_HOLD 4.769567871e-11 6.353666771e-01 9.999907098e-01 9.522372497e-01
CREM_HOLD 4.918507045e-11 6.353613628e-01 1.000002479e+00 9.108379296e-01
CREM_HOLD 5.067421080e-11 6.354089178e-01 1.000000864e+00 6.819232245e-01
CREM_HOLD 5.216425584e-11 6.353254138e-01 9.999919413e-01 9.798209837e-01
CREM_HOLD 5.365304516e-11 6.353597842e-01 1.000003554e+00 8.372628795e-01
CREM_HOLD 5.514219031e-11 6.353774172e-01 9.999979954e-01 7.656972097e-01
CREM_HOLD 5.663161460e-11 6.353213416e-01 9.999952057e-01 9.871700373e-01
CREM_HOLD 5.812011454e-11 6.353924767e-01 1.000003841e+00 7.461485558e-01
CREM_HOLD 5.960986892e-11 6.353735264e-01 9.999944442e-01 8.549615052e-01
CREM_HOLD 6.109927733e-11 6.353524082e-01 9.999986858e-01 9.757435992e-01
CREM_HOLD 6.258840074e-11 6.354413495e-01 1.000003395e+00 6.694345768e-01
CREM_HOLD 6.407876106e-11 6.353889981e-01 9.999914562e-01 9.231432662e-01
CREM_HOLD 6.556846009e-11 6.353963627e-01 1.000001344e+00 9.433786636e-01
CREM_HOLD 6.705820331e-11 6.354755849e-01 1.000002133e+00 6.534740439e-01
CREM_HOLD 6.854916592e-11 6.354022098e-01 9.999908359e-01 9.653326008e-01
CREM_HOLD 7.003916613e-11 6.354271219e-01 1.000002989e+00 8.858632465e-01
CREM_HOLD 7.152952464e-11 6.354709047e-01 9.999998911e-01 7.104887341e-01
CREM_HOLD 7.302047723e-11 6.353930940e-01 9.999930573e-01 9.848973818e-01
CREM_HOLD 7.451018341e-11 6.354325961e-01 1.000003752e+00 8.030739104e-01
CREM_HOLD 7.600054533e-11 6.354262758e-01 9.999966643e-01 8.017279922e-01
CREM_HOLD 7.749087556e-11 6.353591753e-01 9.999966115e-01 9.850013860e-01
CREM_HOLD 7.898029366e-11 6.354134664e-01 1.000003756e+00 7.117685114e-01
CREM_HOLD 8.047035163e-11 6.353617160e-01 9.999931048e-01 8.847886233e-01
CREM_HOLD 8.195975406e-11 6.353201539e-01 9.999998484e-01 9.657414753e-01
CREM_HOLD 8.344857870e-11 6.353854818e-01 1.000003005e+00 6.539211344e-01
CREM_HOLD 8.493832934e-11 6.353082970e-01 9.999908486e-01 9.426326030e-01
CREM_HOLD 8.642680982e-11 6.353044440e-01 1.000002104e+00 9.240632097e-01
CREM_HOLD 8.791534056e-11 6.353638198e-01 1.000001380e+00 6.683328766e-01
CREM_HOLD 8.940477997e-11 6.352881724e-01 9.999914092e-01 9.753456955e-01
CREM_HOLD 9.089295899e-11 6.353257769e-01 1.000003380e+00 8.565388108e-01
CREM_HOLD 9.238179940e-11 6.353582993e-01 9.999987464e-01 7.441786919e-01
CREM_HOLD 9.387122705e-11 6.353045034e-01 9.999943660e-01 9.871279126e-01
CREM_HOLD 9.535972323e-11 6.353762526e-01 1.000003839e+00 7.675689849e-01
CREM_HOLD 9.684947760e-11 6.353684042e-01 9.999952786e-01 8.357137093e-01
CREM_HOLD 9.833888975e-11 6.353415633e-01 9.999979351e-01 9.800969716e-01
CREM_HOLD 9.982800980e-11 6.354283084e-01 1.000003565e+00 6.832128379e-01
CREM_HOLD 1.013183709e-10 6.353791519e-01 9.999919924e-01 9.098770510e-01
CREM_HOLD 1.028080723e-10 6.353728742e-01 1.000000827e+00 9.528151112e-01
CREM_HOLD 1.042978132e-10 6.354503029e-01 1.000002501e+00 6.501632067e-01
CREM_HOLD 1.057884735e-10 6.353704186e-01 9.999907055e-01 9.578936784e-01
CREM_HOLD 1.072781692e-10 6.353787233e-01 1.000002699e+00 9.012296429e-01
CREM_HOLD 1.087679185e-10 6.354246296e-01 1.000000490e+00 6.927137214e-01
CREM_HOLD 1.102582658e-10 6.353363966e-01 9.999923625e-01 9.822257381e-01
CREM_HOLD 1.117473609e-10 6.353633978e-01 1.000003648e+00 8.235883015e-01
CREM_HOLD 1.132368105e-10 6.353653750e-01 9.999974623e-01 7.804956769e-01
CREM_HOLD 1.147262324e-10 6.352913458e-01 9.999957821e-01 9.866111844e-01
CREM_HOLD 1.162147349e-10 6.353422034e-01 1.000003819e+00 7.315959099e-01
CREM_HOLD 1.177038812e-10 6.353026858e-01 9.999938748e-01 8.676311097e-01
CREM_HOLD 1.191923752e-10 6.352607308e-01 9.999991785e-01 9.720313330e-01
CREM_HOLD 1.206802850e-10 6.353309888e-01 1.000003251e+00 6.617929170e-01
CREM_HOLD 1.221694288e-10 6.352650971e-01 9.999911526e-01 9.315020235e-01
CREM_HOLD 1.236573027e-10 6.352647496e-01 1.000001670e+00 9.360493024e-01
CREM_HOLD 1.251452236e-10 6.353353103e-01 1.000001847e+00 6.580657426e-01
CREM_HOLD 1.266343611e-10 6.352659590e-01 9.999910074e-01 9.696686035e-01
CREM_HOLD 1.281222344e-10 6.353044488e-01 1.000003159e+00 8.747766310e-01
CREM_HOLD 1.296107698e-10 6.353500874e-01 9.999994572e-01 7.231377662e-01
CREM_HOLD 1.311002006e-10 6.352943954e-01 9.999935453e-01 9.860697274e-01
CREM_HOLD 1.325886932e-10 6.353611824e-01 1.000003798e+00 7.894527132e-01
CREM_HOLD 1.340781434e-10 6.353616206e-01 9.999961312e-01 8.150239843e-01
CREM_HOLD 1.355675593e-10 6.353237015e-01 9.999971282e-01 9.834465012e-01
CREM_HOLD 1.370566758e-10 6.354019991e-01 1.000003696e+00 7.000959858e-01
CREM_HOLD 1.385467335e-10 6.353551402e-01 9.999926492e-01 8.948779446e-01
CREM_HOLD 1.400361339e-10 6.353323982e-01 1.000000242e+00 9.611591765e-01
CREM_HOLD 1.415252642e-10 6.354051784e-01 1.000002826e+00 6.511013494e-01
CREM_HOLD 1.430153181e-10 6.353228535e-01 9.999907395e-01 9.489460661e-01
CREM_HOLD 1.445044060e-10 6.353164437e-01 1.000002350e+00 9.156431648e-01
CREM_HOLD 1.459932418e-10 6.353654274e-01 1.000001051e+00 6.768266757e-01
CREM_HOLD 1.474826797e-10 6.352728396e-01 9.999917403e-01 9.783752552e-01
CREM_HOLD 1.489708602e-10 6.352916326e-01 1.000003498e+00 8.440351777e-01
CREM_HOLD 1.504593972e-10 6.353044885e-01 9.999982581e-01 7.582298686e-01
CREM_HOLD 1.519482147e-10 6.352288205e-01 9.999949118e-01 9.872452436e-01
CREM_HOLD 1.534358015e-10 6.352801425e-01 1.000003844e+00 7.533464220e-01
CREM_HOLD 1.549240360e-10 6.352552472e-01 9.999947207e-01 8.483965957e-01
CREM_HOLD 1.564119259e-10 6.352156225e-01 9.999984275e-01 9.773469781e-01
CREM_HOLD 1.578992243e-10 6.352926097e-01 1.000003458e+00 6.739515223e-01
CREM_HOLD 1.593877611e-10 6.352390642e-01 9.999916247e-01 9.184641358e-01
CREM_HOLD 1.608753332e-10 6.352404441e-01 1.000001161e+00 9.469679949e-01
CREM_HOLD 1.623629478e-10 6.353206081e-01 1.000002273e+00 6.517231519e-01
CREM_HOLD 1.638520872e-10 6.352545903e-01 9.999907592e-01 9.625732113e-01
CREM_HOLD 1.653399594e-10 6.352889891e-01 1.000002882e+00 8.920330615e-01
CREM_HOLD 1.668284936e-10 6.353438518e-01 1.000000130e+00 7.031071336e-01
CREM_HOLD 1.683179275e-10 6.352812365e-01 9.999927639e-01 9.839146991e-01
CREM_HOLD 1.698064165e-10 6.353375405e-01 1.000003714e+00 8.114563922e-01
CREM_HOLD 1.712955624e-10 6.353453283e-01 9.999969885e-01 7.930809806e-01
CREM_HOLD 1.727849821e-10 6.352929847e-01 9.999962721e-01 9.857677991e-01
CREM_HOLD 1.742734868e-10 6.353596205e-01 1.000003786e+00 7.197158711e-01
CREM_HOLD 1.757629370e-10 6.353163883e-01 9.999934122e-01 8.779271137e-01
CREM_HOLD 1.772517329e-10 6.352778963e-01 9.999995802e-01 9.684412428e-01
CREM_HOLD 1.787402524e-10 6.353450011e-01 1.000003110e+00 6.566117898e-01
CREM_HOLD 1.802296995e-10 6.352644303e-01 9.999909511e-01 9.383395583e-01
CREM_HOLD 1.817178765e-10 6.352476648e-01 1.000001936e+00 9.289467312e-01
CREM_HOLD 1.832057985e-10 6.353014272e-01 1.000001570e+00 6.638446725e-01
CREM_HOLD 1.846946309e-10 6.352107430e-01 9.999912308e-01 9.732490720e-01
CREM_HOLD 1.861818972e-10 6.352262187e-01 1.000003298e+00 8.637650995e-01
CREM_HOLD 1.876695214e-10 6.352521197e-01 9.999990266e-01 7.357934235e-01
CREM_HOLD 1.891574305e-10 6.351796206e-01 9.999940348e-01 9.868011716e-01
CREM_HOLD 1.906444054e-10 6.352332981e-01 1.000003827e+00 7.762755454e-01
CREM_HOLD 1.921320319e-10 6.352233610e-01 9.999956134e-01 8.273325018e-01
CREM_HOLD 1.936196218e-10 6.351861260e-01 9.999976051e-01 9.815717001e-01
CREM_HOLD 1.951066126e-10 6.352680362e-01 1.000003623e+00 6.899997441e-01
CREM_HOLD 1.965948462e-10 6.352252736e-01 9.999922493e-01 9.035533571e-01
CREM_HOLD 1.980824210e-10 6.352241628e-01 1.000000579e+00 9.565874194e-01
CREM_HOLD 1.995700331e-10 6.353106474e-01 1.000002648e+00 6.500291195e-01
CREM_HOLD 2.010588702e-10 6.352452048e-01 9.999906926e-01 9.539742691e-01
CREM_HOLD 2.025467421e-10 6.352700925e-01 1.000002546e+00 9.080130166e-01
CREM_HOLD 2.040349708e-10 6.353312399e-01 1.000000753e+00 6.849628987e-01
CREM_HOLD 2.055241035e-10 6.352583360e-01 9.999920558e-01 9.805526189e-01
CREM_HOLD 2.070122854e-10 6.353004703e-01 1.000003583e+00 8.332534296e-01
CREM_HOLD 2.085011267e-10 6.353151390e-01 9.999978376e-01 7.701215621e-01
CREM_HOLD 2.099902463e-10 6.352479548e-01 9.999953758e-01 9.870305288e-01
CREM_HOLD 2.114781391e-10 6.353025374e-01 1.000003836e+00 7.415079472e-01
CREM_HOLD 2.129669815e-10 6.352666050e-01 9.999942596e-01 8.590094237e-01
CREM_HOLD 2.144551733e-10 6.352157123e-01 9.999988415e-01 9.745795860e-01
CREM_HOLD 2.159427776e-10 6.352780447e-01 1.000003350e+00 6.667688983e-01
CREM_HOLD 2.174313139e-10 6.352043555e-01 9.999913437e-01 9.258548782e-01
CREM_HOLD 2.189185807e-10 6.351822016e-01 1.000001449e+00 9.410487240e-01
CREM_HOLD 2.204055887e-10 6.352416467e-01 1.000002042e+00 6.546951769e-01
CREM_HOLD 2.218935112e-10 6.351569192e-01 9.999908708e-01 9.666318925e-01
CREM_HOLD 2.233801681e-10 6.351728478e-01 1.000003040e+00 8.826265509e-01
CREM_HOLD 2.248671831e-10 6.352125728e-01 9.999997618e-01 7.138597993e-01
CREM_HOLD 2.263547915e-10 6.351444828e-01 9.999931775e-01 9.851857450e-01
CREM_HOLD 2.278411547e-10 6.352005408e-01 1.000003765e+00 7.997008134e-01
CREM_HOLD 2.293284770e-10 6.352046643e-01 9.999965263e-01 8.046916500e-01
CREM_HOLD 2.308157670e-10 6.351672218e-01 9.999967212e-01 9.846624364e-01
CREM_HOLD 2.323024499e-10 6.352505696e-01 1.000003744e+00 7.094644562e-01
CREM_HOLD 2.337906840e-10 6.352162587e-01 9.999930077e-01 8.866226466e-01
CREM_HOLD 2.352782622e-10 6.352076936e-01 9.999999182e-01 9.649383484e-01
CREM_HOLD 2.367658713e-10 6.352956643e-01 1.000002974e+00 6.533163871e-01
CREM_HOLD 2.382547099e-10 6.352299256e-01 9.999908199e-01 9.437279068e-01
CREM_HOLD 2.397425823e-10 6.352411068e-01 1.000002146e+00 9.225897780e-01
CREM_HOLD 2.412305053e-10 6.353057517e-01 1.000001322e+00 6.697445435e-01
CREM_HOLD 2.427193365e-10 6.352241474e-01 9.999914610e-01 9.759108442e-01
CREM_HOLD 2.442072118e-10 6.352498958e-01 1.000003402e+00 8.541423229e-01
CREM_HOLD 2.456954444e-10 6.352713300e-01 9.999986514e-01 7.469159789e-01
CREM_HOLD 2.471839597e-10 6.351921330e-01 9.999944692e-01 9.871616904e-01
CREM_HOLD 2.486712405e-10 6.352352219e-01 1.000003841e+00 7.645888953e-01
CREM_HOLD 2.501591711e-10 6.352089877e-01 9.999951575e-01 8.382581532e-01
CREM_HOLD 2.516467589e-10 6.351502616e-01 9.999980309e-01 9.795264246e-01
CREM_HOLD 2.531334477e-10 6.352109416e-01 1.000003544e+00 6.812500103e-01
CREM_HOLD 2.546210730e-10 6.351483141e-01 9.999919052e-01 9.114670418e-01
CREM_HOLD 2.561077344e-10 6.351245841e-01 1.000000887e+00 9.517279629e-01
CREM_HOLD 2.575938280e-10 6.351920345e-01 1.000002459e+00 6.502883845e-01
CREM_HOLD 2.590811444e-10 6.351152217e-01 9.999906962e-01 9.584972366e-01
CREM_HOLD 2.605671926e-10 6.351328268e-01 1.000002723e+00 9.000889744e-01
CREM_HOLD 2.620535983e-10 6.351859359e-01 1.000000443e+00 6.936303693e-01
CREM_HOLD 2.635409058e-10 6.351205166e-01 9.999923870e-01 9.823137739e-01
CREM_HOLD 2.650269614e-10 6.351767137e-01 1.000003653e+00 8.228406736e-01
CREM_HOLD 2.665139793e-10 6.351947696e-01 9.999974286e-01 7.809584324e-01
CREM_HOLD 2.680012733e-10 6.351528977e-01 9.999957948e-01 9.865557489e-01
CREM_HOLD 2.694879521e-10 6.352332483e-01 1.000003818e+00 7.313347444e-01
CREM_HOLD 2.709758825e-10 6.352071021e-01 9.999938600e-01 8.677623523e-01
CREM_HOLD 2.724634646e-10 6.351867224e-01 9.999991821e-01 9.719428754e-01
CREM_HOLD 2.739507664e-10 6.352703470e-01 1.000003247e+00 6.616555401e-01
CREM_HOLD 2.754393022e-10 6.352042015e-01 9.999911437e-01 9.316656539e-01
CREM_HOLD 2.769268722e-10 6.351997310e-01 1.000001676e+00 9.357578219e-01
CREM_HOLD 2.784144891e-10 6.352645547e-01 1.000001835e+00 6.583195217e-01
CREM_HOLD 2.799027147e-10 6.351765000e-01 9.999910132e-01 9.698302373e-01
CREM_HOLD 2.813899801e-10 6.351878886e-01 1.000003165e+00 8.740550294e-01
CREM_HOLD 2.828772997e-10 6.352169307e-01 9.999994274e-01 7.239090808e-01
CREM_HOLD 2.843649066e-10 6.351310372e-01 9.999935696e-01 9.860841050e-01
CREM_HOLD 2.858512715e-10 6.351662133e-01 1.000003800e+00 7.886737964e-01
CREM_HOLD 2.873382899e-10 6.351516605e-01 9.999960950e-01 8.155077876e-01
CREM_HOLD 2.888249701e-10 6.350899081e-01 9.999971418e-01 9.833268953e-01
CREM_HOLD 2.903107430e-10 6.351510792e-01 1.000003692e+00 6.999048340e-01
CREM_HOLD 2.917974570e-10 6.351014859e-01 9.999926303e-01 8.947148714e-01
CREM_HOLD 2.932835138e-10 6.350781767e-01 1.000000233e+00 9.611905248e-01
CREM_HOLD 2.947689965e-10 6.351544052e-01 1.000002828e+00 6.511829400e-01
CREM_HOLD 2.962560106e-10 6.350868443e-01 9.999907290e-01 9.484918569e-01
CREM_HOLD 2.977417549e-10 6.351047133e-01 1.000002332e+00 9.162814250e-01
CREM_HOLD 2.992278550e-10 6.351704272e-01 1.000001075e+00 6.759177245e-01
CREM_HOLD 3.007148613e-10 6.351054696e-01 9.999916950e-01 9.780193655e-01
CREM_HOLD 3.022009139e-10 6.351568707e-01 1.000003485e+00 8.454838735e-01
CREM_HOLD 3.036879309e-10 6.351870108e-01 9.999983118e-01 7.564599289e-01
CREM_HOLD 3.051752289e-10 6.351362132e-01 9.999948385e-01 9.872280698e-01
CREM_HOLD 3.066619034e-10 6.352080417e-01 1.000003844e+00 7.551227678e-01
CREM_HOLD 3.081495300e-10 6.351898738e-01 9.999947871e-01 8.468018914e-01
CREM_HOLD 3.096368122e-10 6.351547744e-01 9.999983638e-01 9.776813194e-01
CREM_HOLD 3.111238065e-10 6.352309410e-01 1.000003471e+00 6.749267388e-01
CREM_HOLD 3.126117354e-10 6.351674792e-01 9.999916593e-01 9.175113784e-01
CREM_HOLD 3.140986997e-10 6.351476010e-01 1.000001123e+00 9.475529146e-01
CREM_HOLD 3.155854022e-10 6.352115337e-01 1.000002295e+00 6.514945747e-01
CREM_HOLD 3.170730219e-10 6.351213310e-01 9.999907441e-01 9.620516042e-01
CREM_HOLD 3.185593742e-10 6.351216721e-01 1.000002862e+00 8.929556089e-01
CREM_HOLD 3.200457806e-10 6.351583672e-01 1.000000164e+00 7.018394942e-01
CREM_HOLD 3.215327828e-10 6.350701447e-01 9.999927059e-01 9.836665064e-01
CREM_HOLD 3.230182320e-10 6.351012572e-01 1.000003706e+00 8.131176406e-01
CREM_HOLD 3.245043382e-10 6.351007597e-01 9.999970473e-01 7.909951991e-01
CREM_HOLD 3.259904146e-10 6.350388976e-01 9.999961836e-01 9.858785686e-01
CREM_HOLD 3.274755753e-10 6.351026416e-01 1.000003792e+00 7.219573441e-01
CREM_HOLD 3.289616819e-10 6.350668250e-01 9.999934888e-01 8.756431299e-01
CREM_HOLD 3.304471345e-10 6.350438905e-01 9.999994877e-01 9.692536049e-01
CREM_HOLD 3.319323100e-10 6.351269395e-01 1.000003143e+00 6.577933369e-01
CREM_HOLD 3.334190215e-10 6.350675966e-01 9.999909854e-01 9.364696591e-01
CREM_HOLD 3.349047670e-10 6.350826664e-01 1.000001863e+00 9.309155548e-01
CREM_HOLD 3.363905610e-10 6.351581108e-01 1.000001646e+00 6.620179049e-01
CREM_HOLD 3.378775698e-10 6.350918198e-01 9.999911519e-01 9.721891051e-01
CREM_HOLD 3.393636200e-10 6.351341926e-01 1.000003257e+00 8.670314089e-01
CREM_HOLD 3.408503321e-10 6.351745923e-01 9.999991524e-01 7.319720784e-01
CREM_HOLD 3.423376338e-10 6.351134779e-01 9.999938824e-01 9.865996761e-01
CREM_HOLD 3.438240001e-10 6.351727584e-01 1.000003820e+00 7.800735821e-01
CREM_HOLD 3.453113226e-10 6.351623027e-01 9.999957595e-01 8.238161580e-01
CREM_HOLD 3.467983052e-10 6.351123283e-01 9.999974662e-01 9.821064485e-01
CREM_HOLD 3.482846875e-10 6.351786840e-01 1.000003644e+00 6.927162957e-01
CREM_HOLD 3.497720092e-10 6.351206397e-01 9.999923508e-01 9.011177265e-01
CREM_HOLD 3.512583687e-10 6.350874179e-01 1.000000483e+00 9.578531217e-01
CREM_HOLD 3.527444605e-10 6.351509635e-01 1.000002698e+00 6.501899945e-01
CREM_HOLD 3.542314740e-10 6.350634753e-01 9.999906899e-01 9.524974425e-01
CREM_HOLD 3.557169142e-10 6.350564742e-01 1.000002489e+00 9.102689570e-01
CREM_HOLD 3.572024070e-10 6.351022920e-01 1.000000840e+00 6.822592642e-01
CREM_HOLD 3.586885004e-10 6.350150375e-01 9.999919391e-01 9.797935020e-01
CREM_HOLD 3.601733382e-10 6.350444219e-01 1.000003555e+00 8.370004294e-01
CREM_HOLD 3.616585318e-10 6.350592632e-01 9.999979784e-01 7.655195906e-01
CREM_HOLD 3.631440044e-10 6.349981577e-01 9.999951877e-01 9.870931516e-01
CREM_HOLD 3.646285528e-10 6.350643320e-01 1.000003840e+00 7.464433112e-01
CREM_HOLD 3.661143556e-10 6.350435438e-01 9.999944432e-01 8.543186874e-01
CREM_HOLD 3.675998125e-10 6.350191172e-01 9.999986547e-01 9.758086065e-01
CREM_HOLD 3.690846803e-10 6.351061302e-01 1.000003399e+00 6.699432109e-01
CREM_HOLD 3.705710890e-10 6.350545851e-01 9.999914585e-01 9.223608223e-01
CREM_HOLD 3.720565326e-10 6.350631562e-01 1.000001312e+00 9.438772717e-01
CREM_HOLD 3.735423241e-10 6.351442252e-01 1.000002152e+00 6.530984755e-01
CREM_HOLD 3.750293352e-10 6.350749740e-01 9.999908030e-01 9.646967170e-01
CREM_HOLD 3.765150799e-10 6.351052680e-01 1.000002965e+00 8.871422012e-01
CREM_HOLD 3.780014867e-10 6.351532684e-01 9.999999370e-01 7.085990201e-01
CREM_HOLD 3.794884879e-10 6.350812670e-01 9.999929694e-01 9.845797534e-01
CREM_HOLD 3.809745462e-10 6.351266429e-01 1.000003741e+00 8.052808039e-01
CREM_HOLD 3.824612605e-10 6.351244514e-01 9.999967419e-01 7.991166308e-01
CREM_HOLD 3.839479435e-10 6.350611464e-01 9.999965012e-01 9.851799724e-01
CREM_HOLD 3.854337135e-10 6.351180666e-01 1.000003765e+00 7.142145583e-01
CREM_HOLD 3.869201239e-10 6.350676526e-01 9.999931871e-01 8.823684466e-01
CREM_HOLD 3.884058792e-10 6.350242703e-01 9.999997502e-01 9.666312485e-01
CREM_HOLD 3.898910558e-10 6.350879359e-01 1.000003041e+00 6.548384345e-01
CREM_HOLD 3.913771590e-10 6.350077171e-01 9.999908679e-01 9.408561336e-01
CREM_HOLD 3.928619920e-10 6.349963570e-01 1.000002034e+00 9.259941942e-01
CREM_HOLD 3.943465709e-10 6.350523888e-01 1.000001453e+00 6.662664774e-01
CREM_HOLD 3.958320591e-10 6.349700649e-01 9.999913122e-01 9.743100291e-01
CREM_HOLD 3.973162862e-10 6.349981613e-01 1.000003341e+00 8.599408161e-01
CREM_HOLD 3.988008709e-10 6.350285069e-01 9.999988734e-01 7.397871719e-01
CREM_HOLD 4.002860436e-10 6.349681005e-01 9.999941818e-01 9.869052285e-01
CREM_HOLD 4.017702835e-10 6.350339124e-01 1.000003833e+00 7.723006598e-01
CREM_HOLD 4.032554783e-10 6.350272213e-01 9.999954517e-01 8.307889766e-01
CREM_HOLD 4.047406357e-10 6.349985703e-01 9.999977355e-01 9.809250445e-01
CREM_HOLD 4.062254994e-10 6.350857759e-01 1.000003599e+00 6.872270746e-01
CREM_HOLD 4.077116051e-10 6.350418454e-01 9.999921321e-01 9.058924929e-01
CREM_HOLD 4.091970517e-10 6.350402998e-01 1.000000669e+00 9.551369092e-01
CREM_HOLD 4.106825364e-10 6.351239856e-01 1.000002592e+00 6.499711542e-01
CREM_HOLD 4.121692455e-10 6.350518698e-01 9.999906798e-01 9.552883567e-01
CREM_HOLD 4.136549896e-10 6.350680976e-01 1.000002598e+00 9.056249056e-01
CREM_HOLD 4.151407868e-10 6.351219481e-01 1.000000658e+00 6.874103339e-01
CREM_HOLD 4.166274873e-10 6.350396139e-01 9.999921409e-01 9.810483792e-01
CREM_HOLD 4.181129340e-10 6.350713629e-01 1.000003604e+00 8.301891601e-01
CREM_HOLD 4.195987357e-10 6.350791533e-01 9.999977129e-01 7.730380124e-01
CREM_HOLD 4.210848151e-10 6.350048777e-01 9.999954817e-01 9.868723415e-01
CREM_HOLD 4.225696687e-10 6.350540023e-01 1.000003831e+00 7.388270924e-01
CREM_HOLD 4.240554714e-10 6.350155807e-01 9.999941453e-01 8.610553303e-01
CREM_HOLD 4.255406231e-10 6.349650785e-01 9.999989171e-01 9.739232127e-01
CREM_HOLD 4.270248841e-10 6.350287397e-01 1.000003326e+00 6.656094653e-01
CREM_HOLD 4.285103806e-10 6.349585693e-01 9.999912853e-01 9.269066923e-01
CREM_HOLD 4.299946076e-10 6.349447832e-01 1.000001489e+00 9.400471463e-01
CREM_HOLD 4.314785761e-10 6.350095347e-01 1.000002002e+00 6.551859283e-01
CREM_HOLD 4.329637627e-10 6.349329469e-01 9.999908772e-01 9.670437494e-01
CREM_HOLD 4.344476840e-10 6.349600391e-01 1.000003057e+00 8.814222289e-01
CREM_HOLD 4.359319634e-10 6.350048716e-01 9.999997119e-01 7.149542733e-01
CREM_HOLD 4.374168359e-10 6.349446556e-01 9.999932111e-01 9.852352777e-01
CREM_HOLD 4.389007675e-10 6.350079583e-01 1.000003768e+00 7.986349277e-01
CREM_HOLD 4.403856581e-10 6.350140189e-01 9.999964792e-01 8.054686374e-01
CREM_HOLD 4.418708201e-10 6.349787524e-01 9.999967463e-01 9.845226294e-01
CREM_HOLD 4.433553754e-10 6.350622502e-01 1.000003740e+00 7.087128186e-01
CREM_HOLD 4.448411777e-10 6.350253272e-01 9.999929698e-01 8.870514184e-01
CREM_HOLD 4.463266281e-10 6.350112525e-01 9.999999326e-01 9.646561846e-01
CREM_HOLD 4.478118055e-10 6.350940209e-01 1.000002963e+00 6.531713789e-01
CREM_HOLD 4.492982123e-10 6.350217734e-01 9.999908030e-01 9.438772150e-01
CREM_HOLD 4.507833490e-10 6.350232526e-01 1.000002152e+00 9.222986278e-01
CREM_HOLD 4.522685363e-10 6.350818116e-01 1.000001309e+00 6.698417631e-01
CREM_HOLD 4.537546318e-10 6.349932269e-01 9.999914531e-01 9.758655494e-01
CREM_HOLD 4.552394675e-10 6.350112716e-01 1.000003401e+00 8.541061415e-01
CREM_HOLD 4.567246604e-10 6.350295344e-01 9.999986457e-01 7.465925000e-01
CREM_HOLD 4.582101360e-10 6.349473670e-01 9.999944474e-01 9.870919757e-01
CREM_HOLD 4.596943771e-10 6.349890662e-01 1.000003840e+00 7.650635644e-01
CREM_HOLD 4.611792680e-10 6.349641758e-01 9.999951675e-01 8.374939888e-01
CREM_HOLD 4.626635123e-10 6.349089947e-01 9.999979959e-01 9.796360471e-01
CREM_HOLD 4.641471612e-10 6.349738338e-01 1.000003549e+00 6.820085183e-01
CREM_HOLD 4.656317468e-10 6.349163906e-01 9.999919230e-01 9.105149584e-01
CREM_HOLD 4.671153688e-10 6.349006502e-01 1.000000848e+00 9.522804125e-01
CREM_HOLD 4.685987265e-10 6.349743898e-01 1.000002480e+00 6.501678376e-01
CREM_HOLD 4.700833073e-10 6.349038032e-01 9.999906793e-01 9.577507488e-01
CREM_HOLD 4.715669237e-10 6.349286710e-01 1.000002694e+00 9.012923809e-01
CREM_HOLD 4.730508976e-10 6.349864550e-01 1.000000488e+00 6.920588757e-01
CREM_HOLD 4.745357735e-10 6.349242100e-01 9.999923160e-01 9.819541357e-01
CREM_HOLD 4.760197011e-10 6.349824002e-01 1.000003640e+00 8.247160552e-01
CREM_HOLD 4.775042871e-10 6.350016710e-01 9.999974971e-01 7.786932266e-01
CREM_HOLD 4.789894537e-10 6.349571714e-01 9.999957002e-01 9.866190439e-01
CREM_HOLD 4.804737004e-10 6.350338892e-01 1.000003822e+00 7.334831994e-01
CREM_HOLD 4.819591991e-10 6.350055058e-01 9.999939357e-01 8.656753964e-01
CREM_HOLD 4.834443498e-10 6.349774278e-01 9.999990974e-01 9.725293526e-01
CREM_HOLD 4.849289156e-10 6.350549759e-01 1.000003271e+00 6.628548543e-01
CREM_HOLD 4.864147158e-10 6.349846762e-01 9.999911789e-01 9.300634762e-01
CREM_HOLD 4.878995503e-10 6.349718108e-01 1.000001612e+00 9.371561089e-01
CREM_HOLD 4.893841272e-10 6.350324959e-01 1.000001889e+00 6.571593907e-01
CREM_HOLD 4.908696173e-10 6.349411249e-01 9.999909553e-01 9.688395269e-01
CREM_HOLD 4.923538429e-10 6.349480298e-01 1.000003127e+00 8.766255644e-01
CREM_HOLD 4.938381226e-10 6.349770848e-01 9.999995243e-01 7.205788025e-01
CREM_HOLD 4.953226903e-10 6.348914581e-01 9.999934294e-01 9.857491127e-01
CREM_HOLD 4.968060150e-10 6.349276887e-01 1.000003788e+00 7.924212835e-01
CREM_HOLD 4.982899937e-10 6.349170477e-01 9.999962343e-01 8.115022554e-01
CREM_HOLD 4.997736348e-10 6.348595227e-01 9.999969794e-01 9.837957439e-01
END idx 38 para  stop=closed photons=1 nE=1.0000 L=0.6349 e=0.77261 rp/eps=1.2877e+02 n/psi0=1.0661e-04 ET=1.321929e-06 S=0.999635 Gf=7.633672e+05 check=1.309507e-06
BEGIN 38 2
CREM_HOLD 0.000000000e+00 6.354578100e-01 1.000000000e+00 0.000000000e+00
CREM_HOLD 3.039659688e-16 6.354578113e-01 9.999956738e-01 0.000000000e+00
CREM_HOLD 1.491541652e-12 6.354607923e-01 9.999956738e-01 0.000000000e+00
CREM_HOLD 2.982475376e-12 6.354668256e-01 9.999956736e-01 0.000000000e+00
CREM_HOLD 4.473409099e-12 6.354678648e-01 9.999956731e-01 0.000000000e+00
CREM_HOLD 5.964342819e-12 6.354642431e-01 9.999956732e-01 0.000000000e+00
CREM_HOLD 7.455580502e-12 6.354641150e-01 9.999956736e-01 0.000000000e+00
CREM_HOLD 8.946818187e-12 6.354697681e-01 9.999956738e-01 0.000000000e+00
CREM_HOLD 1.043775191e-11 6.354737987e-01 9.999956733e-01 0.000000000e+00
CREM_HOLD 1.192868563e-11 6.354715164e-01 9.999956731e-01 0.000000000e+00
CREM_HOLD 1.341961935e-11 6.354688297e-01 9.999956734e-01 0.000000000e+00
CREM_HOLD 1.491085704e-11 6.354723233e-01 9.999956738e-01 0.000000000e+00
CREM_HOLD 1.640209472e-11 6.354782096e-01 9.999956736e-01 0.000000000e+00
CREM_HOLD 1.789302845e-11 6.354786883e-01 9.999956731e-01 0.000000000e+00
CREM_HOLD 1.938396217e-11 6.354750290e-01 9.999956732e-01 0.000000000e+00
CREM_HOLD 2.087519985e-11 6.354754518e-01 9.999956737e-01 0.000000000e+00
CREM_HOLD 2.236643754e-11 6.354813195e-01 9.999956738e-01 0.000000000e+00
CREM_HOLD 2.385767522e-11 6.354848635e-01 9.999956733e-01 0.000000000e+00
CREM_HOLD 2.534860894e-11 6.354822090e-01 9.999956731e-01 0.000000000e+00
CREM_HOLD 2.683984663e-11 6.354798881e-01 9.999956735e-01 0.000000000e+00
CREM_HOLD 2.833108431e-11 6.354838688e-01 9.999956738e-01 0.000000000e+00
CREM_HOLD 2.982232200e-11 6.354895463e-01 9.999956736e-01 0.000000000e+00
CREM_HOLD 3.131355968e-11 6.354894682e-01 9.999956731e-01 0.000000000e+00
CREM_HOLD 3.280479736e-11 6.354858395e-01 9.999956732e-01 0.000000000e+00
CREM_HOLD 3.429633901e-11 6.354868219e-01 9.999956737e-01 0.000000000e+00
CREM_HOLD 3.578788066e-11 6.354928375e-01 9.999956737e-01 0.000000000e+00
CREM_HOLD 3.727911834e-11 6.354958721e-01 9.999956733e-01 0.000000000e+00
CREM_HOLD 3.877035603e-11 6.354929039e-01 9.999956731e-01 0.000000000e+00
CREM_HOLD 4.026159371e-11 6.354909890e-01 9.999956735e-01 0.000000000e+00
CREM_HOLD 4.175313535e-11 6.354954125e-01 9.999956738e-01 0.000000000e+00
CREM_HOLD 4.324467700e-11 6.355008250e-01 9.999956735e-01 0.000000000e+00
CREM_HOLD 4.473591469e-11 6.355002184e-01 9.999956731e-01 0.000000000e+00
CREM_HOLD 4.622715237e-11 6.354966809e-01 9.999956733e-01 0.000000000e+00
CREM_HOLD 4.771869402e-11 6.354982236e-01 9.999956737e-01 0.000000000e+00
CREM_HOLD 4.921023566e-11 6.355043272e-01 9.999956737e-01 0.000000000e+00
CREM_HOLD 5.070177731e-11 6.355068257e-01 9.999956733e-01 0.000000000e+00
CREM_HOLD 5.219301499e-11 6.355035955e-01 9.999956731e-01 0.000000000e+00
CREM_HOLD 5.368455664e-11 6.355021315e-01 9.999956736e-01 0.000000000e+00
CREM_HOLD 5.517609829e-11 6.355069596e-01 9.999956738e-01 0.000000000e+00
CREM_HOLD 5.666763993e-11 6.355120509e-01 9.999956735e-01 0.000000000e+00
CREM_HOLD 5.815918158e-11 6.355109346e-01 9.999956731e-01 0.000000000e+00
CREM_HOLD 5.965072322e-11 6.355075543e-01 9.999956733e-01 0.000000000e+00
CREM_HOLD 6.114256883e-11 6.355096503e-01 9.999956738e-01 0.000000000e+00
CREM_HOLD 6.263411048e-11 6.355157776e-01 9.999956737e-01 0.000000000e+00
CREM_HOLD 6.412565213e-11 6.355177264e-01 9.999956732e-01 0.000000000e+00
CREM_HOLD 6.561719377e-11 6.355142968e-01 9.999956732e-01 0.000000000e+00
CREM_HOLD 6.710873542e-11 6.355133155e-01 9.999956736e-01 0.000000000e+00
CREM_HOLD 6.860058103e-11 6.355184969e-01 9.999956738e-01 0.000000000e+00
CREM_HOLD 7.009212268e-11 6.355232192e-01 9.999956735e-01 0.000000000e+00
CREM_HOLD 7.158366432e-11 6.355216251e-01 9.999956731e-01 0.000000000e+00
CREM_HOLD 7.307520597e-11 6.355184610e-01 9.999956734e-01 0.000000000e+00
CREM_HOLD 7.456705157e-11 6.355211064e-01 9.999956738e-01 0.000000000e+00
CREM_HOLD 7.605889718e-11 6.355271898e-01 9.999956737e-01 0.000000000e+00
CREM_HOLD 7.755043883e-11 6.355285747e-01 9.999956732e-01 0.000000000e+00
CREM_HOLD 7.904198048e-11 6.355250027e-01 9.999956732e-01 0.000000000e+00
CREM_HOLD 8.053382608e-11 6.355245410e-01 9.999956737e-01 0.000000000e+00
CREM_HOLD 8.202567169e-11 6.355300299e-01 9.999956738e-01 0.000000000e+00
CREM_HOLD 8.351751730e-11 6.355343300e-01 9.999956734e-01 0.000000000e+00
CREM_HOLD 8.500905895e-11 6.355322918e-01 9.999956731e-01 0.000000000e+00
CREM_HOLD 8.650090456e-11 6.355294059e-01 9.999956734e-01 0.000000000e+00
CREM_HOLD 8.799275016e-11 6.355325820e-01 9.999956738e-01 0.000000000e+00
CREM_HOLD 8.948459577e-11 6.355385590e-01 9.999956737e-01 0.000000000e+00
CREM_HOLD 9.097644138e-11 6.355393756e-01 9.999956732e-01 0.000000000e+00
CREM_HOLD 9.246828699e-11 6.355357289e-01 9.999956732e-01 0.000000000e+00
CREM_HOLD 9.396013260e-11 6.355358060e-01 9.999956737e-01 0.000000000e+00
CREM_HOLD 9.545228217e-11 6.355415418e-01 9.999956738e-01 0.000000000e+00
CREM_HOLD 9.694412778e-11 6.355453826e-01 9.999956734e-01 0.000000000e+00
CREM_HOLD 9.843597339e-11 6.355429477e-01 9.999956731e-01 0.000000000e+00
CREM_HOLD 9.992781900e-11 6.355403911e-01 9.999956735e-01 0.000000000e+00
CREM_HOLD 1.014199686e-10 6.355440685e-01 9.999956739e-01 0.000000000e+00
CREM_HOLD 1.029121181e-10 6.355498750e-01 9.999956736e-01 0.000000000e+00
CREM_HOLD 1.044039637e-10 6.355501361e-01 9.999956732e-01 0.000000000e+00
CREM_HOLD 1.058958094e-10 6.355464767e-01 9.999956733e-01 0.000000000e+00
CREM_HOLD 1.073879589e-10 6.355471060e-01 9.999956737e-01 0.000000000e+00
CREM_HOLD 1.088801085e-10 6.355530306e-01 9.999956738e-01 0.000000000e+00
CREM_HOLD 1.103722581e-10 6.355563783e-01 9.999956734e-01 0.000000000e+00
CREM_HOLD 1.118641037e-10 6.355535948e-01 9.999956732e-01 0.000000000e+00
CREM_HOLD 1.133562532e-10 6.355514180e-01 9.999956735e-01 0.000000000e+00
CREM_HOLD 1.148484028e-10 6.355555635e-01 9.999956739e-01 0.000000000e+00
CREM_HOLD 1.163405524e-10 6.355611413e-01 9.999956736e-01 0.000000000e+00
CREM_HOLD 1.178327020e-10 6.355608581e-01 9.999956732e-01 0.000000000e+00
CREM_HOLD 1.193248515e-10 6.355572531e-01 9.999956733e-01 0.000000000e+00
CREM_HOLD 1.208170011e-10 6.355584395e-01 9.999956738e-01 0.000000000e+00
CREM_HOLD 1.223094546e-10 6.355644878e-01 9.999956738e-01 0.000000000e+00
CREM_HOLD 1.238016042e-10 6.355673184e-01 9.999956733e-01 0.000000000e+00
CREM_HOLD 1.252937538e-10 6.355642427e-01 9.999956732e-01 0.000000000e+00
CREM_HOLD 1.267859033e-10 6.355624864e-01 9.999956736e-01 0.000000000e+00
CREM_HOLD 1.282783569e-10 6.355670580e-01 9.999956739e-01 0.000000000e+00
CREM_HOLD 1.297708104e-10 6.355723512e-01 9.999956736e-01 0.000000000e+00
CREM_HOLD 1.312629600e-10 6.355715497e-01 9.999956732e-01 0.000000000e+00
CREM_HOLD 1.327551095e-10 6.355680588e-01 9.999956734e-01 0.000000000e+00
CREM_HOLD 1.342475631e-10 6.355698002e-01 9.999956738e-01 0.000000000e+00
CREM_HOLD 1.357400166e-10 6.355759121e-01 9.999956738e-01 0.000000000e+00
CREM_HOLD 1.372321662e-10 6.355782046e-01 9.999956733e-01 0.000000000e+00
CREM_HOLD 1.387243158e-10 6.355748894e-01 9.999956732e-01 0.000000000e+00
CREM_HOLD 1.402167693e-10 6.355735961e-01 9.999956736e-01 0.000000000e+00
CREM_HOLD 1.417092228e-10 6.355785538e-01 9.999956739e-01 0.000000000e+00
CREM_HOLD 1.432016764e-10 6.355835078e-01 9.999956735e-01 0.000000000e+00
CREM_HOLD 1.446941299e-10 6.355822093e-01 9.999956732e-01 0.000000000e+00
CREM_HOLD 1.461865834e-10 6.355788973e-01 9.999956734e-01 0.000000000e+00
CREM_HOLD 1.476790370e-10 6.355811895e-01 9.999956739e-01 0.000000000e+00
CREM_HOLD 1.491714905e-10 6.355873015e-01 9.999956738e-01 0.000000000e+00
CREM_HOLD 1.506639440e-10 6.355890393e-01 9.999956733e-01 0.000000000e+00
CREM_HOLD 1.521563976e-10 6.355855478e-01 9.999956732e-01 0.000000000e+00
CREM_HOLD 1.536488511e-10 6.355847465e-01 9.999956737e-01 0.000000000e+00
CREM_HOLD 1.551416086e-10 6.355900377e-01 9.999956739e-01 0.000000000e+00
CREM_HOLD 1.566340621e-10 6.355946070e-01 9.999956735e-01 0.000000000e+00
CREM_HOLD 1.581265156e-10 6.355928455e-01 9.999956732e-01 0.000000000e+00
CREM_HOLD 1.596189692e-10 6.355897700e-01 9.999956735e-01 0.000000000e+00
CREM_HOLD 1.611117267e-10 6.355926006e-01 9.999956739e-01 0.000000000e+00
CREM_HOLD 1.626044842e-10 6.355986460e-01 9.999956737e-01 0.000000000e+00
CREM_HOLD 1.640969377e-10 6.355998254e-01 9.999956733e-01 0.000000000e+00
CREM_HOLD 1.655893912e-10 6.355962159e-01 9.999956733e-01 0.000000000e+00
CREM_HOLD 1.670821487e-10 6.355959364e-01 9.999956737e-01 0.000000000e+00
CREM_HOLD 1.685749062e-10 6.356015116e-01 9.999956739e-01 0.000000000e+00
CREM_HOLD 1.700676637e-10 6.356056492e-01 9.999956735e-01 0.000000000e+00
CREM_HOLD 1.715601173e-10 6.356034637e-01 9.999956732e-01 0.000000000e+00
CREM_HOLD 1.730528747e-10 6.356006824e-01 9.999956735e-01 0.000000000e+00
CREM_HOLD 1.745456322e-10 6.356040286e-01 9.999956739e-01 0.000000000e+00
CREM_HOLD 1.760383897e-10 6.356099469e-01 9.999956737e-01 0.000000000e+00
CREM_HOLD 1.775311472e-10 6.356105666e-01 9.999956733e-01 0.000000000e+00
CREM_HOLD 1.790239047e-10 6.356069054e-01 9.999956733e-01 0.000000000e+00
CREM_HOLD 1.805166622e-10 6.356071638e-01 9.999956738e-01 0.000000000e+00
CREM_HOLD 1.820097237e-10 6.356129626e-01 9.999956739e-01 0.000000000e+00
CREM_HOLD 1.835024812e-10 6.356166344e-01 9.999956735e-01 0.000000000e+00
CREM_HOLD 1.849952387e-10 6.356140733e-01 9.999956732e-01 0.000000000e+00
CREM_HOLD 1.864879962e-10 6.356116344e-01 9.999956736e-01 0.000000000e+00
CREM_HOLD 1.879810576e-10 6.356154651e-01 9.999956739e-01 0.000000000e+00
CREM_HOLD 1.894741191e-10 6.356211949e-01 9.999956737e-01 0.000000000e+00
CREM_HOLD 1.909668766e-10 6.356212697e-01 9.999956732e-01 0.000000000e+00
CREM_HOLD 1.924596341e-10 6.356176174e-01 9.999956733e-01 0.000000000e+00
CREM_HOLD 1.939526955e-10 6.356184241e-01 9.999956738e-01 0.000000000e+00
CREM_HOLD 1.954457570e-10 6.356243892e-01 9.999956739e-01 0.000000000e+00
CREM_HOLD 1.969388184e-10 6.356275647e-01 9.999956734e-01 0.000000000e+00
CREM_HOLD 1.984315759e-10 6.356246762e-01 9.999956732e-01 0.000000000e+00
CREM_HOLD 1.999246374e-10 6.356226272e-01 9.999956736e-01 0.000000000e+00
CREM_HOLD 2.014176988e-10 6.356269081e-01 9.999956739e-01 0.000000000e+00
CREM_HOLD 2.029107603e-10 6.356323933e-01 9.999956737e-01 0.000000000e+00
CREM_HOLD 2.044038218e-10 6.356319368e-01 9.999956732e-01 0.000000000e+00
CREM_HOLD 2.058968832e-10 6.356283584e-01 9.999956734e-01 0.000000000e+00
CREM_HOLD 2.073899447e-10 6.356297157e-01 9.999956739e-01 0.000000000e+00
CREM_HOLD 2.088830061e-10 6.356357863e-01 9.999956739e-01 0.000000000e+00
CREM_HOLD 2.103760676e-10 6.356384396e-01 9.999956734e-01 0.000000000e+00
CREM_HOLD 2.118691290e-10 6.356352780e-01 9.999956732e-01 0.000000000e+00
CREM_HOLD 2.133621905e-10 6.356336605e-01 9.999956737e-01 0.000000000e+00
CREM_HOLD 2.148555559e-10 6.356383522e-01 9.999956740e-01 0.000000000e+00
CREM_HOLD 2.163486174e-10 6.356435380e-01 9.999956736e-01 0.000000000e+00
CREM_HOLD 2.178416788e-10 6.356425688e-01 9.999956732e-01 0.000000000e+00
CREM_HOLD 2.193347403e-10 6.356391249e-01 9.999956734e-01 0.000000000e+00
CREM_HOLD 2.208281057e-10 6.356410380e-01 9.999956739e-01 0.000000000e+00
CREM_HOLD 2.223214711e-10 6.356471491e-01 9.999956738e-01 0.000000000e+00
CREM_HOLD 2.238145326e-10 6.356492617e-01 9.999956734e-01 0.000000000e+00
CREM_HOLD 2.253075940e-10 6.356458803e-01 9.999956733e-01 0.000000000e+00
CREM_HOLD 2.268009595e-10 6.356447345e-01 9.999956737e-01 0.000000000e+00
CREM_HOLD 2.282943249e-10 6.356497957e-01 9.999956740e-01 0.000000000e+00
CREM_HOLD 2.297876903e-10 6.356546274e-01 9.999956736e-01 0.000000000e+00
CREM_HOLD 2.312807518e-10 6.356531741e-01 9.999956732e-01 0.000000000e+00
CREM_HOLD 2.327741172e-10 6.356499272e-01 9.999956735e-01 0.000000000e+00
CREM_HOLD 2.342674826e-10 6.356523848e-01 9.999956739e-01 0.000000000e+00
CREM_HOLD 2.357608480e-10 6.356584758e-01 9.999956738e-01 0.000000000e+00
CREM_HOLD 2.372542134e-10 6.356600336e-01 9.999956734e-01 0.000000000e+00
CREM_HOLD 2.387475789e-10 6.356564958e-01 9.999956733e-01 0.000000000e+00
CREM_HOLD 2.402409443e-10 6.356558486e-01 9.999956738e-01 0.000000000e+00
CREM_HOLD 2.417346137e-10 6.356612256e-01 9.999956740e-01 0.000000000e+00
CREM_HOLD 2.432279791e-10 6.356656605e-01 9.999956736e-01 0.000000000e+00
CREM_HOLD 2.447213445e-10 6.356637615e-01 9.999956732e-01 0.000000000e+00
CREM_HOLD 2.462147099e-10 6.356607656e-01 9.999956735e-01 0.000000000e+00
CREM_HOLD 2.477083793e-10 6.356637484e-01 9.999956740e-01 0.000000000e+00
CREM_HOLD 2.492020487e-10 6.356697545e-01 9.999956738e-01 0.000000000e+00
CREM_HOLD 2.506954141e-10 6.356707611e-01 9.999956733e-01 0.000000000e+00
CREM_HOLD 2.521887795e-10 6.356671258e-01 9.999956733e-01 0.000000000e+00
CREM_HOLD 2.536824489e-10 6.356669996e-01 9.999956738e-01 0.000000000e+00
CREM_HOLD 2.551761183e-10 6.356726402e-01 9.999956740e-01 0.000000000e+00
CREM_HOLD 2.566697877e-10 6.356766375e-01 9.999956735e-01 0.000000000e+00
CREM_HOLD 2.581631531e-10 6.356743329e-01 9.999956733e-01 0.000000000e+00
CREM_HOLD 2.596568225e-10 6.356716429e-01 9.999956736e-01 0.000000000e+00
CREM_HOLD 2.611504918e-10 6.356751268e-01 9.999956740e-01 0.000000000e+00
CREM_HOLD 2.626441612e-10 6.356809896e-01 9.999956738e-01 0.000000000e+00
CREM_HOLD 2.641378306e-10 6.356814458e-01 9.999956733e-01 0.000000000e+00
CREM_HOLD 2.656315000e-10 6.356777778e-01 9.999956734e-01 0.000000000e+00
CREM_HOLD 2.671251694e-10 6.356781863e-01 9.999956739e-01 0.000000000e+00
CREM_HOLD 2.686191427e-10 6.356840307e-01 9.999956740e-01 0.000000000e+00
CREM_HOLD 2.701128121e-10 6.356875592e-01 9.999956735e-01 0.000000000e+00
CREM_HOLD 2.716064815e-10 6.356848976e-01 9.999956733e-01 0.000000000e+00
CREM_HOLD 2.731001508e-10 6.356825590e-01 9.999956736e-01 0.000000000e+00
CREM_HOLD 2.745941242e-10 6.356865117e-01 9.999956740e-01 0.000000000e+00
CREM_HOLD 2.760880975e-10 6.356921722e-01 9.999956737e-01 0.000000000e+00
CREM_HOLD 2.775817669e-10 6.356920946e-01 9.999956733e-01 0.000000000e+00
CREM_HOLD 2.790754363e-10 6.356884527e-01 9.999956734e-01 0.000000000e+00
CREM_HOLD 2.805694096e-10 6.356894039e-01 9.999956739e-01 0.000000000e+00
CREM_HOLD 2.820633830e-10 6.356953957e-01 9.999956739e-01 0.000000000e+00
CREM_HOLD 2.835570524e-10 6.356984264e-01 9.999956735e-01 0.000000000e+00
CREM_HOLD 2.850507217e-10 6.356954535e-01 9.999956733e-01 0.000000000e+00
CREM_HOLD 2.865446951e-10 6.356935145e-01 9.999956737e-01 0.000000000e+00
CREM_HOLD 2.880386684e-10 6.356979048e-01 9.999956740e-01 0.000000000e+00
CREM_HOLD 2.895326418e-10 6.357033069e-01 9.999956737e-01 0.000000000e+00
CREM_HOLD 2.910263112e-10 6.357027028e-01 9.999956733e-01 0.000000000e+00
CREM_HOLD 2.925202845e-10 6.356991521e-01 9.999956735e-01 0.000000000e+00
CREM_HOLD 2.940142578e-10 6.357006560e-01 9.999956739e-01 0.000000000e+00
CREM_HOLD 2.955082312e-10 6.357067368e-01 9.999956739e-01 0.000000000e+00
CREM_HOLD 2.970022045e-10 6.357092391e-01 9.999956735e-01 0.000000000e+00
CREM_HOLD 2.984961779e-10 6.357060096e-01 9.999956733e-01 0.000000000e+00
CREM_HOLD 2.999901512e-10 6.357045103e-01 9.999956737e-01 0.000000000e+00
CREM_HOLD 3.014844285e-10 6.357092975e-01 9.999956740e-01 0.000000000e+00
CREM_HOLD 3.029784019e-10 6.357143879e-01 9.999956737e-01 0.000000000e+00
CREM_HOLD 3.044723752e-10 6.357132843e-01 9.999956733e-01 0.000000000e+00
CREM_HOLD 3.059663486e-10 6.357098823e-01 9.999956735e-01 0.000000000e+00
CREM_HOLD 3.074606259e-10 6.357119323e-01 9.999956740e-01 0.000000000e+00
CREM_HOLD 3.089549032e-10 6.357180364e-01 9.999956739e-01 0.000000000e+00
CREM_HOLD 3.104488765e-10 6.357200022e-01 9.999956734e-01 0.000000000e+00
CREM_HOLD 3.119428499e-10 6.357165713e-01 9.999956733e-01 0.000000000e+00
CREM_HOLD 3.134371272e-10 6.357155453e-01 9.999956738e-01 0.000000000e+00
CREM_HOLD 3.149314045e-10 6.357206844e-01 9.999956740e-01 0.000000000e+00
CREM_HOLD 3.164256818e-10 6.357254134e-01 9.999956737e-01 0.000000000e+00
CREM_HOLD 3.179196551e-10 6.357238408e-01 9.999956733e-01 0.000000000e+00
CREM_HOLD 3.194139324e-10 6.357206479e-01 9.999956736e-01 0.000000000e+00
CREM_HOLD 3.209082097e-10 6.357232311e-01 9.999956740e-01 0.000000000e+00
CREM_HOLD 3.224024870e-10 6.357292997e-01 9.999956739e-01 0.000000000e+00
CREM_HOLD 3.238967643e-10 6.357307171e-01 9.999956734e-01 0.000000000e+00
CREM_HOLD 3.253910416e-10 6.357271470e-01 9.999956734e-01 0.000000000e+00
CREM_HOLD 3.268853189e-10 6.357266187e-01 9.999956738e-01 0.000000000e+00
CREM_HOLD 3.283799002e-10 6.357320563e-01 9.999956740e-01 0.000000000e+00
CREM_HOLD 3.298741775e-10 6.357363840e-01 9.999956736e-01 0.000000000e+00
CREM_HOLD 3.313684548e-10 6.357343814e-01 9.999956733e-01 0.000000000e+00
CREM_HOLD 3.328627321e-10 6.357314489e-01 9.999956736e-01 0.000000000e+00
CREM_HOLD 3.343573134e-10 6.357345447e-01 9.999956740e-01 0.000000000e+00
CREM_HOLD 3.358518947e-10 6.357405153e-01 9.999956739e-01 0.000000000e+00
CREM_HOLD 3.373461720e-10 6.357413896e-01 9.999956734e-01 0.000000000e+00
CREM_HOLD 3.388404493e-10 6.357377377e-01 9.999956734e-01 0.000000000e+00
CREM_HOLD 3.403350305e-10 6.357377273e-01 9.999956739e-01 0.000000000e+00
CREM_HOLD 3.418296118e-10 6.357434119e-01 9.999956740e-01 0.000000000e+00
CREM_HOLD 3.433241931e-10 6.357473000e-01 9.999956736e-01 0.000000000e+00
CREM_HOLD 3.448184704e-10 6.357449075e-01 9.999956733e-01 0.000000000e+00
CREM_HOLD 3.463130517e-10 6.357422879e-01 9.999956737e-01 0.000000000e+00
CREM_HOLD 3.478076329e-10 6.357458715e-01 9.999956740e-01 0.000000000e+00
CREM_HOLD 3.493022142e-10 6.357516875e-01 9.999956738e-01 0.000000000e+00
CREM_HOLD 3.507964915e-10 6.357520183e-01 9.999956734e-01 0.000000000e+00
CREM_HOLD 3.522910728e-10 6.357483478e-01 9.999956735e-01 0.000000000e+00
CREM_HOLD 3.537856540e-10 6.357488717e-01 9.999956739e-01 0.000000000e+00
CREM_HOLD 3.552802353e-10 6.357547496e-01 9.999956740e-01 0.000000000e+00
CREM_HOLD 3.567748166e-10 6.357581604e-01 9.999956736e-01 0.000000000e+00
CREM_HOLD 3.582693978e-10 6.357554208e-01 9.999956733e-01 0.000000000e+00
CREM_HOLD 3.597639791e-10 6.357531638e-01 9.999956737e-01 0.000000000e+00
CREM_HOLD 3.612588643e-10 6.357572102e-01 9.999956741e-01 0.000000000e+00
CREM_HOLD 3.627534456e-10 6.357628126e-01 9.999956738e-01 0.000000000e+00
CREM_HOLD 3.642480269e-10 6.357626096e-01 9.999956734e-01 0.000000000e+00
CREM_HOLD 3.657426081e-10 6.357589790e-01 9.999956735e-01 0.000000000e+00
CREM_HOLD 3.672374934e-10 6.357600482e-01 9.999956740e-01 0.000000000e+00
CREM_HOLD 3.687323786e-10 6.357660573e-01 9.999956740e-01 0.000000000e+00
CREM_HOLD 3.702269599e-10 6.357689678e-01 9.999956735e-01 0.000000000e+00
CREM_HOLD 3.717215411e-10 6.357659302e-01 9.999956734e-01 0.000000000e+00
CREM_HOLD 3.732164264e-10 6.357640796e-01 9.999956738e-01 0.000000000e+00
CREM_HOLD 3.747113116e-10 6.357685525e-01 9.999956741e-01 0.000000000e+00
CREM_HOLD 3.762061968e-10 6.357738848e-01 9.999956738e-01 0.000000000e+00
CREM_HOLD 3.777007781e-10 6.357731676e-01 9.999956734e-01 0.000000000e+00
CREM_HOLD 3.791956633e-10 6.357696402e-01 9.999956735e-01 0.000000000e+00
CREM_HOLD 3.806905485e-10 6.357712535e-01 9.999956740e-01 0.000000000e+00
CREM_HOLD 3.821854338e-10 6.357773371e-01 9.999956740e-01 0.000000000e+00
CREM_HOLD 3.836803190e-10 6.357797233e-01 9.999956735e-01 0.000000000e+00
CREM_HOLD 3.851752042e-10 6.357764447e-01 9.999956734e-01 0.000000000e+00
CREM_HOLD 3.866700895e-10 6.357750346e-01 9.999956738e-01 0.000000000e+00
CREM_HOLD 3.881652787e-10 6.357798893e-01 9.999956741e-01 0.000000000e+00
CREM_HOLD 3.896601639e-10 6.357849043e-01 9.999956737e-01 0.000000000e+00
CREM_HOLD 3.911550491e-10 6.357837008e-01 9.999956734e-01 0.000000000e+00
CREM_HOLD 3.926499343e-10 6.357803319e-01 9.999956736e-01 0.000000000e+00
CREM_HOLD 3.941451235e-10 6.357824812e-01 9.999956740e-01 0.000000000e+00
CREM_HOLD 3.956403127e-10 6.357885755e-01 9.999956740e-01 0.000000000e+00
CREM_HOLD 3.971351980e-10 6.357904311e-01 9.999956735e-01 0.000000000e+00
CREM_HOLD 3.986300832e-10 6.357869654e-01 9.999956734e-01 0.000000000e+00
CREM_HOLD 4.001252724e-10 6.357860272e-01 9.999956739e-01 0.000000000e+00
CREM_HOLD 4.016204616e-10 6.357912192e-01 9.999956741e-01 0.000000000e+00
CREM_HOLD 4.031156508e-10 6.357958697e-01 9.999956737e-01 0.000000000e+00
CREM_HOLD 4.046105360e-10 6.357942107e-01 9.999956734e-01 0.000000000e+00
CREM_HOLD 4.061057252e-10 6.357910580e-01 9.999956736e-01 0.000000000e+00
CREM_HOLD 4.076009144e-10 6.357937296e-01 9.999956741e-01 0.000000000e+00
CREM_HOLD 4.090961036e-10 6.357997777e-01 9.999956739e-01 0.000000000e+00
CREM_HOLD 4.105912928e-10 6.358010925e-01 9.999956735e-01 0.000000000e+00
CREM_HOLD 4.120864820e-10 6.357975005e-01 9.999956735e-01 0.000000000e+00
CREM_HOLD 4.135816711e-10 6.357970566e-01 9.999956739e-01 0.000000000e+00
CREM_HOLD 4.150768603e-10 6.358025370e-01 9.999956741e-01 0.000000000e+00
CREM_HOLD 4.165720495e-10 6.358067815e-01 9.999956737e-01 0.000000000e+00
CREM_HOLD 4.180672387e-10 6.358047022e-01 9.999956734e-01 0.000000000e+00
CREM_HOLD 4.195624279e-10 6.358018177e-01 9.999956737e-01 0.000000000e+00
CREM_HOLD 4.210579211e-10 6.358049946e-01 9.999956741e-01 0.000000000e+00
CREM_HOLD 4.225531103e-10 6.358109371e-01 9.999956739e-01 0.000000000e+00
CREM_HOLD 4.240482994e-10 6.358117080e-01 9.999956735e-01 0.000000000e+00
CREM_HOLD 4.255434886e-10 6.358080448e-01 9.999956735e-01 0.000000000e+00
CREM_HOLD 4.270389818e-10 6.358081228e-01 9.999956740e-01 0.000000000e+00
CREM_HOLD 4.285344749e-10 6.358138376e-01 9.999956741e-01 0.000000000e+00
CREM_HOLD 4.300296641e-10 6.358176388e-01 9.999956737e-01 0.000000000e+00
CREM_HOLD 4.315248533e-10 6.358151767e-01 9.999956734e-01 0.000000000e+00
CREM_HOLD 4.330203465e-10 6.358126143e-01 9.999956737e-01 0.000000000e+00
CREM_HOLD 4.345158396e-10 6.358162752e-01 9.999956741e-01 0.000000000e+00
CREM_HOLD 4.360113328e-10 6.358220505e-01 9.999956739e-01 0.000000000e+00
CREM_HOLD 4.375065220e-10 6.358222832e-01 9.999956734e-01 0.000000000e+00
CREM_HOLD 4.390020151e-10 6.358186122e-01 9.999956735e-01 0.000000000e+00
CREM_HOLD 4.404975083e-10 6.358192227e-01 9.999956740e-01 0.000000000e+00
CREM_HOLD 4.419930014e-10 6.358251195e-01 9.999956741e-01 0.000000000e+00
CREM_HOLD 4.434884946e-10 6.358284423e-01 9.999956736e-01 0.000000000e+00
CREM_HOLD 4.449839878e-10 6.358256468e-01 9.999956734e-01 0.000000000e+00
CREM_HOLD 4.464794809e-10 6.358234489e-01 9.999956738e-01 0.000000000e+00
CREM_HOLD 4.479752780e-10 6.358275597e-01 9.999956741e-01 0.000000000e+00
CREM_HOLD 4.494707712e-10 6.358331155e-01 9.999956739e-01 0.000000000e+00
CREM_HOLD 4.509662643e-10 6.358328254e-01 9.999956734e-01 0.000000000e+00
CREM_HOLD 4.524617575e-10 6.358292035e-01 9.999956736e-01 0.000000000e+00
CREM_HOLD 4.539575546e-10 6.358303512e-01 9.999956740e-01 0.000000000e+00
CREM_HOLD 4.554533517e-10 6.358363677e-01 9.999956741e-01 0.000000000e+00
CREM_HOLD 4.569488449e-10 6.358391946e-01 9.999956736e-01 0.000000000e+00
CREM_HOLD 4.584443380e-10 6.358361139e-01 9.999956734e-01 0.000000000e+00
CREM_HOLD 4.599401351e-10 6.358343220e-01 9.999956738e-01 0.000000000e+00
CREM_HOLD 4.614359323e-10 6.358388465e-01 9.999956741e-01 0.000000000e+00
CREM_HOLD 4.629317294e-10 6.358441287e-01 9.999956738e-01 0.000000000e+00
CREM_HOLD 4.644272225e-10 6.358433360e-01 9.999956734e-01 0.000000000e+00
CREM_HOLD 4.659230196e-10 6.358398242e-01 9.999956736e-01 0.000000000e+00
CREM_HOLD 4.674188168e-10 6.358415069e-01 9.999956741e-01 0.000000000e+00
CREM_HOLD 4.689146139e-10 6.358475881e-01 9.999956740e-01 0.000000000e+00
CREM_HOLD 4.704104110e-10 6.358498967e-01 9.999956736e-01 0.000000000e+00
CREM_HOLD 4.719059042e-10 6.358465829e-01 9.999956735e-01 0.000000000e+00
CREM_HOLD 4.734017013e-10 6.358452332e-01 9.999956739e-01 0.000000000e+00
CREM_HOLD 4.748974984e-10 6.358501343e-01 9.999956742e-01 0.000000000e+00
CREM_HOLD 4.763932955e-10 6.358550917e-01 9.999956738e-01 0.000000000e+00
CREM_HOLD 4.778890926e-10 6.358538160e-01 9.999956734e-01 0.000000000e+00
CREM_HOLD 4.793848897e-10 6.358504710e-01 9.999956737e-01 0.000000000e+00
CREM_HOLD 4.808809908e-10 6.358526892e-01 9.999956741e-01 0.000000000e+00
CREM_HOLD 4.823770919e-10 6.358587729e-01 9.999956740e-01 0.000000000e+00
CREM_HOLD 4.838728890e-10 6.358605487e-01 9.999956736e-01 0.000000000e+00
CREM_HOLD 4.853686861e-10 6.358570588e-01 9.999956735e-01 0.000000000e+00
CREM_HOLD 4.868647872e-10 6.358561814e-01 9.999956739e-01 0.000000000e+00
CREM_HOLD 4.883608883e-10 6.358614071e-01 9.999956742e-01 0.000000000e+00
CREM_HOLD 4.898566854e-10 6.358660002e-01 9.999956738e-01 0.000000000e+00
CREM_HOLD 4.913524825e-10 6.358642770e-01 9.999956734e-01 0.000000000e+00
CREM_HOLD 4.928482796e-10 6.358611529e-01 9.999956737e-01 0.000000000e+00
CREM_HOLD 4.943443807e-10 6.358638918e-01 9.999956741e-01 0.000000000e+00
CREM_HOLD 4.958404818e-10 6.358699208e-01 9.999956740e-01 0.000000000e+00
CREM_HOLD 4.973362789e-10 6.358711523e-01 9.999956735e-01 0.000000000e+00
CREM_HOLD 4.988320760e-10 6.358675398e-01 9.999956735e-01 0.000000000e+00
END idx 38 ortho stop=closed photons=1 nE=1.0000 L=0.6359 e=0.77180 rp/eps=1.2923e+02 n/psi0=1.0535e-04 ET=1.316343e-03 S=1.000000 Gf=7.596871e+02 check=1.316331e-03
