# n l  k   class(Langer)       QM                  rel.err(Langer)  rel.err(sqrt(l(l+1)))  rel.err(L=l)   L_match
1 0 +1  1.375000000000e+00  1.500000000000e+00  -8.333333e-02    +nan           +nan  nan
1 0 +2  2.125000000000e+00  3.000000000000e+00  -2.916667e-01    +nan           +nan  nan
1 0 -1  1.000000000000e+00  1.000000000000e+00  +0.000000e+00    +nan           +nan  nan
1 0 -2  2.000000000000e+00  2.000000000000e+00  -2.220446e-16    +nan           +nan  0.500000
1 0 -3  8.000000000000e+00  inf  +nan    +nan           +nan  nan
2 0 +1  5.875000000000e+00  6.000000000000e+00  -2.083333e-02    +nan           +nan  nan
2 0 +2  3.850000000000e+01  4.200000000000e+01  -8.333333e-02    +nan           +nan  nan
2 0 -1  2.500000000000e-01  2.500000000000e-01  +0.000000e+00    +nan           +nan  nan
2 0 -2  2.500000000000e-01  2.500000000000e-01  +2.220446e-16    +nan           +nan  0.500000
2 0 -3  1.000000000000e+00  inf  +nan    +nan           +nan  nan
2 1 +1  4.875000000000e+00  5.000000000000e+00  -2.500000e-02    +0.000000e+00           +1.000000e-01  1.414214
2 1 +2  2.650000000000e+01  3.000000000000e+01  -1.166667e-01    -6.666667e-02           +1.333333e-01  1.290994
2 1 -1  2.500000000000e-01  2.500000000000e-01  +0.000000e+00    +0.000000e+00           +0.000000e+00  nan
2 1 -2  8.333333333333e-02  8.333333333333e-02  +0.000000e+00    +6.066017e-02           +5.000000e-01  1.500000
2 1 -3  3.703703703704e-02  4.166666666667e-02  -1.111111e-01    +6.066017e-02           +2.000000e+00  1.442250
3 0 +1  1.337500000000e+01  1.350000000000e+01  -9.259259e-03    +nan           +nan  nan
3 0 +2  1.991250000000e+02  2.070000000000e+02  -3.804348e-02    +nan           +nan  nan
3 0 -1  1.111111111111e-01  1.111111111111e-01  +1.065814e-14    +nan           +nan  nan
3 0 -2  7.407407407407e-02  7.407407407407e-02  +2.220446e-16    +nan           +nan  0.500000
3 0 -3  2.962962962963e-01  inf  +nan    +nan           +nan  nan
3 1 +1  1.237500000000e+01  1.250000000000e+01  -1.000000e-02    +0.000000e+00           +4.000000e-02  1.414214
3 1 +2  1.721250000000e+02  1.800000000000e+02  -4.375000e-02    -2.500000e-02           +5.000000e-02  1.290994
3 1 -1  1.111111111111e-01  1.111111111111e-01  +1.065814e-14    +0.000000e+00           +0.000000e+00  nan
3 1 -2  2.469135802469e-02  2.469135802469e-02  -3.330669e-16    +6.066017e-02           +5.000000e-01  1.500000
3 1 -3  1.097393689986e-02  1.234567901235e-02  -1.111111e-01    +6.066017e-02           +2.000000e+00  1.442250
3 2 +1  1.037500000000e+01  1.050000000000e+01  -1.190476e-02    +0.000000e+00           +9.523810e-02  2.449490
3 2 +2  1.181250000000e+02  1.260000000000e+02  -6.250000e-02    -3.571429e-02           +1.785714e-01  2.380476
3 2 -1  1.111111111111e-01  1.111111111111e-01  +1.065814e-14    +0.000000e+00           +0.000000e+00  nan
3 2 -2  1.481481481481e-02  1.481481481481e-02  -1.110223e-16    +2.062073e-02           +2.500000e-01  2.500000
3 2 -3  2.370370370370e-03  2.469135802469e-03  -4.000000e-02    +2.062073e-02           +8.750000e-01  2.466212
4 0 +1  2.387500000000e+01  2.400000000000e+01  -5.208333e-03    +nan           +nan  nan
4 0 +2  6.340000000000e+02  6.480000000000e+02  -2.160494e-02    +nan           +nan  nan
4 0 -1  6.250000000000e-02  6.250000000000e-02  +0.000000e+00    +nan           +nan  nan
4 0 -2  3.125000000000e-02  3.125000000000e-02  +2.442491e-15    +nan           +nan  0.500000
4 0 -3  1.250000000000e-01  inf  +nan    +nan           +nan  nan
4 1 +1  2.287500000000e+01  2.300000000000e+01  -5.434783e-03    +0.000000e+00           +2.173913e-02  1.414214
4 1 +2  5.860000000000e+02  6.000000000000e+02  -2.333333e-02    -1.333333e-02           +2.666667e-02  1.290994
4 1 -1  6.250000000000e-02  6.250000000000e-02  +0.000000e+00    +0.000000e+00           +0.000000e+00  nan
4 1 -2  1.041666666667e-02  1.041666666667e-02  +0.000000e+00    +6.066017e-02           +5.000000e-01  1.500000
4 1 -3  4.629629629630e-03  5.208333333333e-03  -1.111111e-01    +6.066017e-02           +2.000000e+00  1.442250
4 2 +1  2.087500000000e+01  2.100000000000e+01  -5.952381e-03    +0.000000e+00           +4.761905e-02  2.449490
4 2 +2  4.900000000000e+02  5.040000000000e+02  -2.777778e-02    -1.587302e-02           +7.936508e-02  2.380476
4 2 -1  6.250000000000e-02  6.250000000000e-02  +0.000000e+00    +0.000000e+00           +0.000000e+00  nan
4 2 -2  6.250000000000e-03  6.250000000000e-03  -1.110223e-16    +2.062073e-02           +2.500000e-01  2.500000
4 2 -3  1.000000000000e-03  1.041666666667e-03  -4.000000e-02    +2.062073e-02           +8.750000e-01  2.466212
4 3 +1  1.787500000000e+01  1.800000000000e+01  -6.944444e-03    +0.000000e+00           +8.333333e-02  3.464102
4 3 +2  3.460000000000e+02  3.600000000000e+02  -3.888889e-02    -2.222222e-02           +1.777778e-01  3.415650
4 3 -1  6.250000000000e-02  6.250000000000e-02  +0.000000e+00    +0.000000e+00           +0.000000e+00  nan
4 3 -2  4.464285714286e-03  4.464285714286e-03  +0.000000e+00    +1.036297e-02           +1.666667e-01  3.500000
4 3 -3  3.644314868805e-04  3.720238095238e-04  -2.040816e-02    +1.036297e-02           +5.555556e-01  3.476027
5 0 +1  3.737500000000e+01  3.750000000000e+01  -3.333333e-03    +nan           +nan  nan
5 0 +2  1.553125000000e+03  1.575000000000e+03  -1.388889e-02    +nan           +nan  nan
5 0 -1  4.000000000000e-02  4.000000000000e-02  -1.265654e-14    +nan           +nan  nan
5 0 -2  1.600000000000e-02  1.600000000000e-02  +2.220446e-16    +nan           +nan  0.500000
5 0 -3  6.400000000000e-02  inf  +nan    +nan           +nan  nan
5 1 +1  3.637500000000e+01  3.650000000000e+01  -3.424658e-03    +0.000000e+00           +1.369863e-02  1.414214
5 1 +2  1.478125000000e+03  1.500000000000e+03  -1.458333e-02    -8.333333e-03           +1.666667e-02  1.290994
5 1 -1  4.000000000000e-02  4.000000000000e-02  -1.265654e-14    +0.000000e+00           +0.000000e+00  nan
5 1 -2  5.333333333333e-03  5.333333333333e-03  -1.110223e-16    +6.066017e-02           +5.000000e-01  1.500000
5 1 -3  2.370370370370e-03  2.666666666667e-03  -1.111111e-01    +6.066017e-02           +2.000000e+00  1.442250
5 2 +1  3.437500000000e+01  3.450000000000e+01  -3.623188e-03    +0.000000e+00           +2.898551e-02  2.449490
5 2 +2  1.328125000000e+03  1.350000000000e+03  -1.620370e-02    -9.259259e-03           +4.629630e-02  2.380476
5 2 -1  4.000000000000e-02  4.000000000000e-02  -1.265654e-14    +0.000000e+00           +0.000000e+00  nan
5 2 -2  3.200000000000e-03  3.200000000000e-03  -2.220446e-16    +2.062073e-02           +2.500000e-01  2.500000
5 2 -3  5.120000000000e-04  5.333333333333e-04  -4.000000e-02    +2.062073e-02           +8.750000e-01  2.466212
5 3 +1  3.137500000000e+01  3.150000000000e+01  -3.968254e-03    +0.000000e+00           +4.761905e-02  3.464102
5 3 +2  1.103125000000e+03  1.125000000000e+03  -1.944444e-02    -1.111111e-02           +8.888889e-02  3.415650
5 3 -1  4.000000000000e-02  4.000000000000e-02  -1.265654e-14    +0.000000e+00           +0.000000e+00  nan
5 3 -2  2.285714285714e-03  2.285714285714e-03  -2.220446e-16    +1.036297e-02           +1.666667e-01  3.500000
5 3 -3  1.865889212828e-04  1.904761904762e-04  -2.040816e-02    +1.036297e-02           +5.555556e-01  3.476027
5 4 +1  2.737500000000e+01  2.750000000000e+01  -4.545455e-03    +0.000000e+00           +7.272727e-02  4.472136
5 4 +2  8.031250000000e+02  8.250000000000e+02  -2.651515e-02    -1.515152e-02           +1.666667e-01  4.434712
5 4 -1  4.000000000000e-02  4.000000000000e-02  -1.265654e-14    +0.000000e+00           +0.000000e+00  nan
5 4 -2  1.777777777778e-03  1.777777777778e-03  -1.110223e-16    +6.230590e-03           +1.250000e-01  4.500000
5 4 -3  8.779149519890e-05  8.888888888889e-05  -1.234568e-02    +6.230590e-03           +4.062500e-01  4.481405
# H386a worst |quadrature/closed - 1| = 1.266e-14
# H386d Ps 2P: A_QM(Breit) = 2.7416 GHz  A_class(Langer) = 2.4369 GHz  A_model(363/374) = 2.437 GHz  model/class = 1.00003
# H386d from measured gaps: A = 2.7428 GHz, B = 0.4574 GHz (A/A_QM = 1.0005); model/A = 0.8885
# H386d P2-P1 = 2A - 2.4B: QM-fit 5.486 + -1.098; model 4.873 + (-0.54) [374a]
# H386d P1-P0 = A + 6B:   QM-fit 2.743 + 2.744; model 2.437 + (+0.54) [374a]
# H386c n=1 s-state: max_L classical <r^2> (L->0) = 2.500000  QM = 3.000000  ratio 0.833333
# H386c n=2 s-state: max_L classical <r^2> (L->0) = 40.000000  QM = 42.000000  ratio 0.952381
# H386c n=3 s-state: max_L classical <r^2> (L->0) = 202.500000  QM = 207.000000  ratio 0.978261
# H386c n=4 s-state: max_L classical <r^2> (L->0) = 640.000000  QM = 648.000000  ratio 0.987654
# H386c n=5 s-state: max_L classical <r^2> (L->0) = 1562.500000  QM = 1575.000000  ratio 0.992063
