BEGIN 0
CREM_REACH 2.249999978e+00 6.000000000e-01 0.000000000e+00 6.031247617e-01 3.025952496e-19 3.055555556e-01 4.375000054e-01 9.999999906e-01 1.000000000e+00 1.875000000e+00 2 3.000000000e+00 2.500000000e+00 1.576432594e-08
CREM_REACH 3.999999972e+00 3.333333333e-01 0.000000000e+00 3.256874163e+00 1.634014556e-18 4.375000054e-01 7.500000042e-01 1.000000140e+00 1.000000000e+00 2.999999976e+00 1 2.000000010e+00 1.500000000e+00 1.744571704e-08
END idx 0 stop=4 photons=2 lifetime=1.744572e-08
BEGIN 1
CREM_REACH 2.249999979e+00 6.000000000e-01 0.000000000e+00 6.031247613e-01 3.025952494e-19 3.055555556e-01 4.375000052e-01 9.999999900e-01 1.000000000e+00 1.875000000e+00 2 3.000000000e+00 2.500000000e+00 1.576432184e-08
CREM_REACH 3.999999970e+00 3.333333333e-01 0.000000000e+00 3.256874166e+00 1.634014557e-18 4.375000052e-01 7.500000042e-01 1.000000140e+00 1.000000000e+00 2.999999977e+00 5 2.000000009e+00 1.500000000e+00 1.744571172e-08
END idx 1 stop=4 photons=2 lifetime=1.744571e-08
BEGIN 2
CREM_REACH 2.249999962e+00 6.000000000e-01 0.000000000e+00 6.031247698e-01 3.025952536e-19 3.055555556e-01 4.375000096e-01 1.000000004e+00 1.000000000e+00 1.875000000e+00 1 3.000000000e+00 2.500000000e+00 1.576440395e-08
CREM_REACH 3.999999914e+00 3.333333333e-01 0.000000000e+00 3.256874098e+00 1.634014523e-18 4.375000096e-01 7.500000096e-01 1.000000138e+00 1.000000000e+00 2.999999958e+00 4 2.000000017e+00 1.500000000e+00 1.744584130e-08
END idx 2 stop=4 photons=2 lifetime=1.744584e-08
